15 364 1
77 163 1
40 50 1
29 236 1
30 53 1
158 248 1
148 253 1
118 219 1
224 120 1
10 282 1
1 269 1
65 327 1
52 61 1
141 61 1
28 245 1
327 163 1
88 61 1
390 252 1
18 92 1
141 290 1
11 330 1
410 163 1
51 182 1
140 204 1
191 40 1
11 250 1
116 93 1
118 63 1
77 380 1
10 348 1
162 97 1
38 145 1
36 276 1
29 93 1
150 266 1
214 61 1
44 290 1
13 356 1
185 262 1
88 279 1
88 282 1
75 166 1
121 191 1
141 76 1
78 364 1
47 59 1
8 126 1
122 65 1
76 288 1
33 41 1
131 50 1
323 100 1
119 65 1
44 35 1
40 63 1
52 41 1
230 304 1
48 93 1
17 4 1
43 255 1
22 236 1
175 142 1
119 63 1
123 364 1
277 50 1
15 159 1
293 377 1
36 63 1
314 328 1
151 24 1
163 119 1
345 364 1
222 345 1
374 93 1
31 126 1
154 59 1
281 239 1
69 236 1
1 50 1
39 142 1
38 93 1
158 32 1
121 353 1
138 64 1
19 363 1
23 290 1
413 169 1
6 202 1
286 54 1
36 271 1
179 150 1
135 11 1
124 353 1
23 341 1
117 50 1
142 145 1
47 120 1
494 377 1
51 63 1
73 364 1
40 240 1
99 8 1
6 260 1
428 364 1
39 243 1
95 8 1
14 186 1
165 282 1
329 59 1
81 282 1
176 126 1
12 253 1
250 50 1
204 225 1
78 147 1
8 63 1
261 364 1
118 281 1
148 304 1
136 76 1
75 192 1
89 366 1
82 50 1
14 355 1
183 163 1
65 8 1
140 236 1
36 65 1
27 6 1
28 318 1
12 145 1
30 179 1
149 28 1
148 370 1
138 50 1
216 248 1
433 227 1
18 117 1
16 66 1
196 61 1
189 93 1
116 252 1
6 377 1
146 196 1
130 328 1
71 166 1
308 119 1
44 9 1
117 321 1
13 317 1
21 353 1
78 65 1
317 59 1
43 248 1
178 93 1
227 271 1
117 11 1
159 32 1
50 352 1
294 145 1
270 93 1
10 252 1
13 261 1
80 236 1
43 378 1
160 265 1
37 232 1
272 364 1
23 147 1
230 63 1
56 63 1
47 239 1
255 50 1
56 282 1
80 26 1
315 59 1
10 147 1
121 296 1
196 376 1
87 61 1
19 159 1
368 336 1
11 8 1
120 347 1
156 255 1
122 34 1
130 263 1
157 302 1
65 210 1
225 145 1
60 365 1
308 93 1
222 282 1
216 370 1
71 281 1
11 120 1
246 238 1
28 323 1
75 50 1
69 155 1
181 59 1
13 210 1
18 338 1
17 276 1
125 328 1
217 59 1
15 236 1
8 286 1
28 253 1
345 93 1
13 245 1
49 248 1
36 116 1
41 204 1
212 336 1
7 191 1
33 307 1
227 353 1
380 163 1
364 92 1
168 186 1
258 227 1
19 307 1
86 216 1
149 82 1
148 276 1
177 50 1
314 92 1
12 219 1
7 53 1
1 159 1
181 54 1
91 269 1
78 290 1
110 67 1
191 163 1
56 328 1
178 304 1
11 356 1
72 236 1
275 50 1
373 130 1
260 239 1
286 63 1
16 236 1
337 59 1
71 51 1
125 93 1
126 253 1
257 197 1
112 355 1
26 282 1
30 163 1
71 163 1
16 161 1
141 93 1
34 123 1
56 206 1
31 339 1
314 163 1
349 377 1
86 323 1
216 378 1
227 216 1
385 120 1
50 307 1
19 226 1
168 93 1
417 171 1
163 92 1
175 92 1
241 236 1
492 377 1
42 92 1
131 53 1
39 169 1
38 120 1
240 318 1
26 364 1
178 328 1
46 33 1
70 93 1
165 236 1
58 126 1
75 378 1
182 377 1
399 145 1
238 320 1
5 328 1
434 253 1
251 59 1
44 239 1
18 269 1
60 236 1
10 90 1
9 147 1
60 281 1
33 341 1
294 54 1
138 338 1
204 184 1
346 61 1
79 271 1
172 263 1
223 364 1
323 163 1
32 253 1
267 134 1
200 307 1
168 236 1
19 378 1
75 219 1
11 185 1
280 252 1
335 304 1
142 235 1
122 282 1
14 362 1
168 163 1
199 282 1
146 302 1
222 255 1
72 374 1
234 100 1
110 59 1
199 63 1
19 94 1
206 50 1
38 53 1
46 269 1
31 53 1
435 235 1
28 35 1
77 8 1
75 245 1
161 59 1
80 98 1
11 178 1
86 173 1
68 370 1
172 51 1
401 145 1
43 20 1
8 120 1
34 38 1
150 50 1
6 219 1
121 163 1
16 186 1
54 59 1
12 229 1
43 332 1
194 93 1
225 236 1
114 304 1
34 219 1
176 50 1
158 235 1
204 328 1
149 161 1
122 353 1
120 11 1
71 248 1
90 190 1
88 13 1
461 336 1
242 63 1
303 59 1
130 262 1
185 181 1
18 33 1
230 159 1
323 239 1
216 237 1
59 317 1
304 59 1
199 304 1
10 185 1
47 302 1
191 147 1
168 69 1
282 159 1
242 304 1
10 241 1
131 364 1
287 54 1
5 255 1
305 159 1
183 279 1
283 53 1
128 93 1
116 198 1
19 216 1
442 239 1
227 364 1
77 119 1
13 302 1
262 336 1
114 218 1
157 299 1
26 59 1
9 173 1
43 266 1
14 59 1
43 237 1
15 85 1
41 63 1
178 239 1
10 61 1
9 11 1
39 119 1
15 171 1
116 147 1
282 364 1
270 92 1
156 147 1
34 241 1
38 6 1
210 252 1
256 50 1
149 63 1
2 41 1
478 364 1
8 164 1
122 50 1
14 147 1
280 307 1
48 328 1
204 171 1
188 38 1
345 307 1
75 241 1
106 159 1
142 16 1
4 239 1
119 61 1
30 59 1
225 307 1
175 307 1
36 364 1
140 147 1
135 375 1
71 92 1
79 310 1
30 119 1
113 304 1
203 307 1
210 93 1
8 253 1
283 126 1
163 50 1
349 356 1
24 120 1
5 229 1
14 328 1
265 61 1
118 119 1
118 262 1
234 63 1
163 317 1
123 145 1
19 377 1
88 53 1
28 240 1
370 93 1
239 163 1
194 283 1
15 279 1
225 173 1
169 341 1
24 11 1
38 227 1
408 236 1
52 163 1
158 290 1
409 304 1
405 219 1
109 64 1
44 10 1
172 328 1
127 262 1
139 217 1
117 304 1
54 100 1
223 282 1
37 240 1
162 159 1
7 281 1
331 150 1
179 36 1
68 364 1
15 11 1
384 120 1
70 232 1
16 93 1
269 163 1
149 236 1
149 126 1
9 252 1
456 336 1
134 304 1
54 364 1
193 53 1
234 50 1
223 253 1
7 142 1
268 282 1
244 59 1
52 40 1
11 93 1
132 59 1
151 61 1
224 59 1
25 236 1
231 159 1
56 59 1
12 205 1
21 306 1
119 33 1
88 341 1
18 38 1
21 304 1
15 377 1
380 323 1
71 252 1
345 236 1
320 59 1
145 16 1
60 282 1
18 252 1
178 92 1
81 92 1
43 210 1
12 245 1
111 9 1
9 336 1
20 274 1
166 61 1
433 253 1
60 304 1
46 92 1
14 319 1
421 191 1
14 107 1
272 304 1
14 6 1
21 262 1
117 171 1
24 68 1
148 49 1
26 63 1
349 61 1
121 123 1
281 371 1
113 63 1
44 126 1
135 92 1
56 375 1
93 310 1
27 33 1
164 92 1
2 378 1
88 377 1
9 3 1
18 81 1
148 16 1
158 216 1
238 210 1
191 323 1
163 353 1
227 65 1
154 310 1
80 28 1
106 123 1
130 34 1
200 347 1
68 93 1
46 250 1
249 50 1
181 38 1
28 252 1
125 116 1
1 336 1
204 95 1
76 191 1
24 262 1
56 50 1
145 269 1
9 321 1
28 353 1
48 275 1
13 222 1
33 135 1
86 240 1
45 93 1
81 171 1
24 364 1
204 282 1
47 243 1
125 219 1
149 240 1
16 227 1
18 240 1
125 191 1
113 126 1
36 10 1
258 253 1
117 159 1
224 370 1
141 341 1
52 120 1
43 180 1
210 328 1
338 217 1
11 182 1
280 53 1
126 306 1
240 123 1
321 59 1
59 247 1
26 216 1
131 345 1
86 35 1
14 92 1
179 253 1
48 285 1
357 328 1
289 377 1
224 93 1
281 63 1
174 253 1
29 314 1
69 93 1
140 216 1
53 304 1
192 370 1
214 328 1
80 260 1
10 53 1
227 260 1
47 304 1
31 164 1
13 269 1
69 253 1
434 341 1
116 59 1
434 364 1
130 304 1
129 50 1
11 163 1
24 65 1
181 147 1
131 253 1
322 65 1
76 353 1
88 253 1
158 260 1
75 260 1
14 237 1
24 377 1
165 304 1
5 376 1
316 219 1
19 53 1
46 186 1
21 16 1
124 34 1
75 341 1
7 41 1
75 212 1
237 50 1
71 241 1
81 63 1
148 159 1
14 302 1
225 282 1
34 50 1
3 240 1
474 336 1
169 255 1
310 163 1
5 176 1
178 65 1
40 59 1
113 9 1
481 364 1
81 50 1
118 11 1
154 345 1
144 304 1
231 53 1
290 63 1
178 107 1
79 123 1
163 142 1
124 282 1
165 308 1
6 2 1
90 8 1
97 364 1
325 263 1
33 108 1
272 260 1
88 92 1
158 222 1
240 92 1
43 167 1
119 328 1
46 364 1
122 207 1
229 345 1
11 364 1
280 253 1
149 248 1
13 319 1
12 126 1
43 16 1
77 171 1
235 50 1
216 93 1
5 219 1
136 375 1
171 378 1
266 59 1
130 364 1
131 93 1
126 63 1
125 123 1
12 3 1
116 356 1
127 378 1
1 65 1
124 61 1
113 328 1
86 126 1
14 261 1
16 185 1
5 257 1
79 8 1
138 126 1
124 41 1
152 24 1
143 16 1
49 50 1
295 54 1
51 304 1
117 63 1
91 276 1
168 38 1
182 101 1
77 50 1
71 216 1
164 281 1
308 69 1
169 290 1
150 111 1
51 364 1
71 59 1
88 49 1
165 281 1
414 239 1
81 36 1
143 281 1
13 253 1
146 281 1
364 218 1
219 219 1
175 171 1
178 364 1
120 169 1
29 227 1
25 93 1
384 126 1
5 220 1
75 310 1
110 53 1
46 34 1
79 171 1
162 341 1
50 257 1
234 262 1
182 38 1
24 6 1
109 61 1
145 321 1
75 163 1
148 92 1
86 291 1
38 328 1
382 120 1
15 186 1
175 63 1
23 370 1
230 59 1
149 17 1
171 377 1
12 302 1
146 59 1
111 11 1
6 304 1
276 50 1
243 50 1
110 174 1
118 126 1
220 145 1
52 237 1
14 83 1
24 33 1
46 253 1
18 149 1
364 145 1
55 93 1
8 159 1
82 8 1
204 307 1
10 269 1
219 119 1
24 370 1
123 240 1
18 307 1
216 95 1
72 54 1
10 123 1
197 59 1
14 154 1
55 285 1
273 192 1
28 260 1
234 107 1
14 53 1
455 253 1
193 283 1
1 253 1
131 378 1
145 129 1
362 236 1
59 281 1
5 16 1
164 341 1
130 260 1
275 239 1
14 300 1
116 10 1
180 63 1
164 119 1
5 43 1
37 282 1
13 180 1
48 236 1
346 219 1
119 236 1
40 9 1
79 145 1
253 328 1
23 120 1
28 380 1
180 355 1
165 290 1
75 8 1
1 341 1
29 50 1
16 50 1
113 107 1
39 236 1
65 302 1
19 236 1
240 163 1
23 92 1
65 219 1
24 92 1
51 65 1
175 159 1
418 181 1
106 364 1
94 328 1
53 171 1
65 280 1
217 304 1
109 219 1
269 50 1
258 190 1
163 261 1
393 126 1
362 325 1
490 376 1
155 65 1
19 195 1
71 210 1
105 8 1
68 236 1
21 6 1
156 241 1
119 159 1
201 236 1
43 92 1
263 50 1
59 350 1
28 269 1
67 8 1
187 59 1
83 93 1
146 93 1
27 59 1
38 109 1
113 321 1
432 222 1
295 236 1
43 219 1
43 374 1
252 282 1
30 61 1
37 207 1
68 145 1
125 59 1
213 59 1
158 245 1
80 8 1
142 323 1
65 377 1
41 339 1
146 342 1
145 59 1
223 304 1
338 92 1
75 210 1
121 179 1
177 277 1
51 61 1
8 92 1
47 252 1
2 258 1
436 236 1
88 86 1
75 253 1
110 364 1
278 65 1
43 51 1
20 145 1
328 59 1
32 304 1
138 210 1
10 366 1
130 282 1
39 11 1
147 336 1
380 115 1
158 240 1
91 285 1
6 59 1
37 169 1
185 163 1
204 132 1
80 171 1
118 247 1
154 145 1
194 50 1
24 270 1
219 210 1
368 92 1
175 119 1
118 307 1
222 353 1
120 65 1
88 335 1
40 120 1
117 341 1
19 112 1
46 159 1
236 59 1
8 93 1
141 16 1
19 370 1
65 378 1
38 82 1
37 41 1
199 59 1
10 93 1
140 279 1
453 253 1
134 50 1
330 240 1
127 310 1
237 59 1
3 274 1
421 236 1
77 210 1
106 236 1
196 163 1
240 239 1
353 63 1
14 123 1
224 282 1
307 254 1
27 35 1
58 345 1
31 147 1
17 307 1
222 378 1
88 271 1
296 54 1
9 307 1
41 6 1
14 46 1
18 11 1
141 63 1
38 286 1
362 364 1
429 217 1
163 61 1
231 145 1
125 53 1
7 219 1
161 343 1
413 262 1
219 63 1
125 262 1
15 93 1
106 38 1
112 185 1
44 285 1
33 92 1
31 61 1
77 63 1
157 345 1
50 145 1
47 159 1
299 59 1
10 237 1
164 63 1
176 255 1
126 285 1
114 61 1
27 328 1
14 232 1
280 160 1
437 236 1
28 147 1
345 163 1
239 364 1
460 336 1
71 255 1
158 51 1
177 271 1
59 304 1
128 328 1
50 282 1
76 8 1
44 262 1
77 282 1
43 216 1
60 240 1
171 61 1
65 92 1
31 253 1
447 364 1
59 185 1
288 63 1
167 330 1
193 93 1
214 364 1
260 50 1
14 377 1
125 35 1
65 248 1
14 378 1
461 345 1
193 169 1
204 131 1
149 316 1
131 370 1
39 65 1
295 59 1
158 154 1
71 222 1
76 254 1
190 238 1
71 302 1
14 50 1
2 6 1
71 218 1
140 59 1
204 168 1
149 93 1
150 216 1
146 304 1
16 266 1
80 163 1
126 69 1
53 11 1
222 107 1
196 364 1
235 59 1
373 307 1
7 63 1
55 123 1
173 59 1
194 328 1
117 349 1
28 241 1
231 282 1
3 65 1
28 185 1
12 318 1
37 50 1
201 49 1
75 92 1
148 145 1
14 69 1
168 80 1
7 307 1
69 59 1
252 142 1
41 253 1
24 191 1
176 61 1
52 164 1
6 35 1
130 375 1
104 8 1
461 276 1
18 299 1
310 307 1
92 364 1
59 307 1
15 370 1
22 307 1
11 307 1
149 27 1
161 32 1
204 240 1
13 11 1
164 50 1
43 185 1
42 127 1
28 222 1
39 93 1
39 59 1
349 327 1
39 53 1
252 222 1
281 240 1
17 302 1
335 59 1
162 268 1
145 285 1
65 253 1
200 61 1
91 210 1
18 281 1
224 216 1
34 159 1
157 38 1
10 219 1
70 149 1
168 34 1
364 204 1
483 364 1
138 157 1
162 255 1
25 50 1
80 257 1
24 202 1
135 219 1
11 236 1
79 253 1
138 276 1
335 282 1
14 260 1
14 246 1
94 8 1
185 326 1
362 163 1
105 63 1
37 126 1
221 59 1
262 364 1
272 63 1
149 219 1
171 59 1
200 50 1
121 38 1
106 353 1
22 145 1
272 119 1
150 264 1
219 61 1
154 321 1
43 260 1
210 61 1
308 271 1
38 326 1
17 310 1
235 100 1
118 163 1
29 6 1
138 97 1
65 59 1
126 205 1
19 382 1
243 310 1
173 328 1
6 328 1
44 48 1
23 132 1
364 344 1
190 281 1
482 364 1
201 147 1
42 6 1
400 145 1
15 310 1
122 16 1
57 364 1
3 163 1
199 147 1
47 92 1
118 295 1
34 282 1
51 307 1
223 65 1
59 262 1
115 178 1
222 253 1
138 304 1
191 130 1
182 88 1
281 128 1
178 240 1
75 377 1
38 92 1
118 50 1
14 116 1
29 341 1
109 11 1
120 328 1
275 236 1
50 334 1
32 364 1
145 329 1
55 328 1
238 93 1
313 145 1
5 310 1
213 50 1
338 59 1
45 50 1
30 328 1
43 270 1
51 221 1
362 378 1
364 236 1
14 198 1
254 50 1
44 269 1
119 317 1
138 236 1
225 377 1
336 169 1
71 282 1
13 336 1
55 271 1
118 159 1
328 364 1
43 240 1
314 59 1
110 182 1
50 223 1
168 50 1
12 212 1
88 95 1
10 159 1
154 65 1
168 198 1
18 169 1
25 147 1
125 142 1
244 345 1
227 380 1
49 236 1
146 346 1
109 307 1
16 6 1
7 328 1
71 260 1
46 61 1
18 355 1
12 169 1
7 110 1
12 61 1
224 364 1
22 342 1
69 126 1
65 120 1
50 93 1
39 239 1
157 262 1
151 120 1
145 219 1
45 304 1
10 355 1
295 282 1
154 342 1
2 364 1
134 252 1
164 68 1
130 59 1
28 167 1
276 65 1
55 341 1
36 93 1
216 240 1
166 282 1
43 218 1
395 132 1
344 61 1
102 8 1
78 253 1
68 33 1
164 44 1
51 93 1
44 198 1
6 310 1
137 123 1
13 59 1
199 53 1
117 163 1
42 59 1
88 236 1
124 59 1
204 63 1
55 265 1
91 319 1
158 241 1
42 253 1
60 328 1
340 59 1
15 264 1
273 304 1
117 347 1
119 119 1
430 217 1
200 63 1
125 145 1
43 341 1
178 236 1
136 59 1
36 16 1
94 253 1
77 67 1
357 147 1
6 229 1
117 226 1
193 59 1
19 4 1
110 255 1
109 159 1
398 145 1
42 119 1
120 16 1
280 59 1
22 328 1
24 380 1
68 119 1
24 276 1
349 323 1
70 50 1
128 102 1
77 126 1
163 219 1
14 127 1
132 345 1
164 232 1
15 281 1
19 271 1
402 364 1
426 210 1
15 26 1
52 50 1
182 59 1
354 139 1
178 369 1
268 236 1
154 171 1
120 147 1
88 206 1
29 38 1
13 63 1
39 41 1
264 59 1
131 105 1
343 126 1
29 8 1
129 345 1
244 50 1
14 206 1
65 11 1
16 206 1
57 307 1
14 163 1
9 120 1
122 145 1
57 181 1
36 302 1
348 217 1
292 63 1
81 364 1
256 253 1
193 232 1
168 239 1
158 50 1
225 328 1
87 93 1
39 50 1
37 304 1
217 343 1
216 269 1
148 364 1
255 345 1
282 53 1
28 364 1
315 285 1
6 279 1
69 216 1
38 108 1
14 383 1
88 132 1
358 147 1
320 348 1
75 376 1
35 378 1
59 59 1
59 110 1
112 58 1
2 50 1
110 282 1
72 253 1
17 163 1
76 63 1
360 290 1
157 364 1
106 63 1
18 32 1
120 234 1
247 50 1
7 11 1
68 262 1
124 362 1
227 107 1
124 317 1
131 147 1
5 241 1
46 122 1
43 126 1
167 159 1
88 50 1
55 40 1
176 65 1
8 82 1
18 304 1
24 35 1
18 93 1
19 99 1
309 93 1
216 210 1
121 364 1
43 236 1
241 50 1
46 349 1
460 269 1
70 24 1
274 269 1
74 8 1
65 304 1
231 304 1
149 186 1
223 240 1
9 90 1
210 120 1
89 97 1
77 162 1
154 126 1
71 169 1
272 50 1
208 92 1
160 159 1
178 61 1
248 50 1
306 63 1
119 268 1
46 260 1
31 56 1
55 377 1
165 240 1
19 42 1
5 354 1
59 236 1
32 8 1
227 307 1
47 356 1
38 41 1
21 185 1
186 145 1
265 120 1
35 50 1
88 93 1
31 130 1
28 120 1
346 93 1
37 257 1
280 339 1
325 92 1
14 64 1
37 328 1
79 217 1
158 167 1
68 330 1
120 15 1
227 302 1
143 123 1
238 163 1
252 364 1
485 364 1
117 191 1
81 341 1
287 377 1
43 93 1
452 253 1
106 8 1
273 369 1
383 163 1
5 253 1
172 377 1
146 364 1
109 321 1
28 6 1
43 65 1
69 11 1
141 253 1
2 257 1
50 208 1
156 313 1
68 261 1
165 210 1
36 28 1
19 313 1
194 320 1
97 150 1
181 219 1
79 11 1
162 219 1
107 59 1
75 222 1
164 110 1
7 253 1
158 212 1
109 364 1
154 254 1
158 378 1
65 279 1
50 330 1
320 207 1
65 370 1
56 302 1
146 341 1
236 349 1
440 237 1
169 93 1
158 218 1
224 163 1
162 236 1
80 353 1
246 50 1
130 290 1
267 50 1
42 375 1
40 159 1
91 364 1
180 49 1
175 204 1
55 245 1
18 282 1
154 257 1
68 63 1
39 6 1
141 77 1
288 328 1
171 270 1
114 326 1
71 307 1
68 253 1
18 96 1
24 59 1
71 374 1
190 282 1
190 38 1
24 163 1
88 216 1
13 50 1
364 307 1
95 210 1
19 364 1
73 216 1
169 163 1
65 328 1
193 364 1
227 341 1
230 253 1
55 51 1
138 332 1
48 8 1
121 262 1
19 63 1
109 59 1
343 163 1
10 35 1
254 59 1
40 222 1
79 232 1
193 369 1
177 93 1
50 304 1
154 364 1
156 253 1
220 50 1
369 93 1
246 330 1
75 22 1
73 219 1
230 364 1
194 40 1
22 92 1
46 279 1
40 123 1
147 219 1
19 212 1
65 53 1
330 126 1
118 64 1
2 95 1
78 328 1
39 237 1
43 171 1
111 239 1
175 120 1
242 378 1
236 100 1
5 50 1
28 261 1
138 227 1
148 147 1
81 119 1
120 54 1
72 169 1
149 259 1
162 163 1
222 65 1
163 191 1
242 147 1
35 253 1
54 120 1
157 59 1
13 212 1
15 120 1
246 59 1
158 318 1
54 345 1
212 50 1
140 328 1
169 262 1
110 82 1
2 142 1
19 92 1
19 89 1
71 236 1
158 59 1
42 286 1
141 269 1
12 216 1
252 319 1
59 219 1
57 159 1
167 370 1
229 219 1
165 159 1
201 59 1
53 345 1
223 236 1
12 31 1
86 50 1
37 254 1
427 210 1
169 236 1
37 142 1
141 145 1
91 93 1
71 244 1
165 59 1
216 321 1
182 285 1
13 93 1
65 235 1
169 65 1
9 378 1
158 304 1
6 353 1
14 93 1
271 349 1
94 252 1
86 219 1
50 59 1
162 119 1
120 364 1
71 364 1
106 93 1
136 40 1
222 206 1
5 197 1
224 126 1
37 286 1
280 119 1
168 59 1
162 247 1
65 61 1
116 315 1
305 163 1
473 330 1
27 24 1
47 6 1
135 378 1
55 290 1
345 119 1
118 282 1
302 159 1
19 281 1
117 219 1
26 328 1
234 364 1
28 40 1
225 59 1
14 364 1
46 370 1
83 59 1
222 59 1
29 252 1
38 236 1
140 253 1
343 219 1
77 242 1
65 145 1
6 307 1
11 169 1
75 32 1
340 301 1
61 8 1
425 364 1
1 1 1
78 236 1
245 302 1
164 65 1
75 236 1
14 159 1
13 5 1
18 4 1
8 28 1
48 82 1
405 153 1
125 95 1
161 282 1
124 204 1
77 364 1
5 92 1
223 285 1
14 60 1
113 257 1
10 336 1
348 61 1
55 252 1
23 163 1
68 36 1
219 377 1
373 281 1
7 345 1
169 366 1
79 163 1
154 26 1
155 171 1
65 236 1
282 323 1
40 330 1
126 50 1
439 237 1
124 11 1
138 163 1
148 378 1
230 282 1
118 253 1
106 40 1
148 377 1
238 319 1
166 171 1
30 356 1
167 34 1
28 50 1
308 66 1
163 33 1
55 236 1
110 9 1
44 307 1
257 253 1
56 268 1
19 253 1
152 190 1
19 163 1
213 310 1
41 328 1
13 304 1
322 59 1
224 241 1
140 34 1
191 376 1
151 33 1
50 255 1
46 309 1
78 257 1
13 378 1
30 164 1
198 93 1
148 382 1
15 66 1
9 236 1
48 255 1
56 61 1
49 186 1
119 11 1
14 191 1
158 219 1
11 219 1
158 166 1
65 15 1
44 59 1
173 185 1
46 95 1
110 262 1
125 319 1
73 282 1
173 50 1
216 61 1
48 6 1
146 120 1
10 383 1
195 253 1
118 33 1
24 321 1
138 310 1
7 159 1
214 50 1
84 253 1
10 64 1
362 198 1
125 307 1
2 163 1
252 50 1
60 63 1
126 378 1
227 59 1
14 95 1
146 65 1
193 282 1
204 170 1
34 252 1
13 53 1
133 11 1
63 8 1
154 377 1
17 377 1
28 314 1
46 71 1
59 97 1
20 59 1
117 232 1
81 59 1
80 310 1
164 253 1
265 364 1
17 187 1
16 29 1
24 198 1
366 92 1
127 126 1
126 169 1
285 54 1
19 224 1
48 121 1
172 93 1
218 50 1
111 59 1
55 95 1
162 307 1
1 339 1
14 275 1
276 364 1
92 59 1
55 216 1
38 61 1
146 361 1
118 328 1
227 50 1
307 93 1
26 253 1
21 216 1
367 92 1
9 107 1
109 370 1
15 342 1
321 174 1
154 202 1
31 50 1
24 257 1
339 260 1
77 61 1
44 377 1
305 239 1
83 239 1
193 40 1
14 347 1
69 65 1
209 50 1
41 163 1
114 163 1
30 253 1
405 345 1
135 165 1
125 247 1
163 307 1
13 365 1
50 237 1
253 308 1
269 59 1
191 145 1
165 147 1
5 355 1
144 328 1
60 8 1
51 346 1
18 59 1
12 307 1
9 61 1
412 324 1
252 271 1
158 341 1
10 206 1
224 145 1
68 285 1
25 11 1
425 210 1
224 92 1
138 173 1
60 61 1
150 271 1
2 76 1
257 50 1
217 364 1
18 61 1
252 63 1
19 186 1
22 65 1
306 137 1
79 26 1
72 59 1
2 1 1
231 323 1
260 364 1
194 282 1
88 243 1
258 50 1
148 252 1
25 59 1
125 49 1
7 119 1
217 50 1
19 51 1
6 61 1
288 54 1
132 145 1
6 253 1
191 378 1
10 290 1
271 93 1
308 142 1
230 147 1
168 285 1
43 53 1
275 93 1
150 58 1
65 336 1
341 59 1
164 247 1
51 156 1
59 341 1
55 219 1
272 307 1
162 50 1
5 264 1
227 232 1
16 11 1
195 147 1
14 345 1
21 50 1
278 285 1
154 119 1
165 377 1
13 65 1
69 252 1
69 142 1
19 262 1
271 59 1
136 171 1
181 304 1
79 282 1
19 241 1
204 50 1
36 159 1
77 328 1
140 107 1
79 262 1
135 185 1
44 63 1
88 378 1
142 236 1
95 63 1
298 336 1
49 159 1
178 307 1
219 252 1
68 304 1
327 252 1
46 321 1
68 216 1
124 163 1
180 38 1
50 210 1
336 59 1
162 317 1
169 59 1
171 35 1
331 120 1
164 219 1
230 370 1
110 281 1
27 92 1
54 61 1
384 269 1
392 126 1
177 370 1
146 232 1
110 241 1
223 145 1
158 282 1
239 50 1
46 296 1
263 59 1
14 108 1
51 219 1
175 186 1
307 59 1
252 108 1
84 291 1
167 156 1
154 227 1
123 63 1
7 239 1
31 364 1
216 147 1
123 50 1
65 224 1
12 261 1
266 150 1
163 236 1
450 252 1
51 370 1
16 332 1
47 321 1
39 304 1
17 328 1
195 252 1
20 271 1
6 227 1
65 103 1
154 216 1
143 217 1
346 291 1
204 190 1
169 50 1
79 92 1
76 252 1
106 310 1
78 145 1
31 304 1
225 304 1
311 207 1
24 255 1
252 125 1
33 286 1
343 328 1
109 377 1
493 377 1
85 93 1
9 377 1
34 279 1
19 304 1
268 307 1
10 189 1
9 65 1
91 279 1
125 50 1
43 166 1
128 50 1
245 50 1
138 69 1
156 353 1
280 56 1
40 253 1
71 318 1
168 307 1
316 257 1
84 261 1
29 285 1
88 285 1
24 93 1
160 38 1
120 163 1
13 171 1
219 173 1
60 16 1
126 38 1
10 86 1
14 180 1
230 145 1
162 364 1
114 95 1
36 239 1
222 364 1
192 282 1
12 356 1
172 370 1
183 59 1
449 239 1
125 147 1
123 59 1
125 236 1
416 171 1
19 366 1
18 237 1
26 262 1
47 219 1
30 180 1
171 307 1
177 145 1
409 377 1
187 253 1
36 262 1
49 241 1
16 233 1
117 59 1
160 63 1
28 282 1
124 219 1
69 308 1
17 35 1
51 196 1
316 59 1
3 304 1
17 271 1
161 92 1
193 378 1
434 227 1
122 336 1
42 257 1
117 72 1
71 159 1
57 6 1
9 282 1
14 210 1
51 255 1
428 216 1
125 176 1
25 120 1
37 164 1
37 237 1
280 93 1
14 176 1
29 191 1
22 252 1
14 252 1
170 376 1
86 325 1
52 149 1
94 63 1
55 244 1
59 159 1
154 105 1
46 304 1
52 140 1
238 63 1
28 296 1
144 336 1
109 65 1
18 313 1
89 93 1
65 182 1
79 304 1
149 163 1
173 92 1
227 147 1
34 167 1
382 163 1
425 282 1
210 304 1
164 236 1
224 310 1
194 134 1
302 59 1
23 271 1
141 364 1
164 46 1
88 131 1
22 340 1
357 236 1
154 63 1
225 192 1
373 236 1
36 59 1
264 364 1
108 8 1
5 261 1
194 252 1
210 126 1
39 257 1
308 163 1
136 341 1
65 364 1
28 51 1
143 376 1
203 119 1
117 253 1
30 213 1
19 240 1
88 307 1
305 59 1
2 200 1
19 61 1
165 61 1
88 328 1
135 163 1
78 114 1
56 54 1
163 226 1
164 282 1
42 328 1
88 59 1
139 15 1
46 243 1
382 150 1
216 50 1
140 317 1
162 120 1
295 93 1
28 351 1
40 65 1
9 92 1
19 149 1
4 95 1
92 65 1
155 61 1
113 290 1
2 171 1
193 173 1
30 65 1
345 253 1
154 108 1
144 253 1
10 236 1
227 236 1
363 90 1
38 304 1
141 34 1
4 236 1
175 59 1
18 364 1
148 93 1
72 142 1
296 261 1
204 366 1
54 304 1
223 63 1
222 235 1
383 120 1
396 139 1
15 50 1
22 59 1
192 40 1
25 63 1
38 10 1
193 74 1
24 271 1
171 50 1
42 159 1
337 239 1
11 355 1
31 6 1
71 341 1
217 216 1
73 8 1
35 11 1
319 59 1
148 176 1
18 178 1
68 296 1
18 42 1
50 340 1
131 361 1
204 156 1
30 147 1
448 239 1
154 159 1
50 370 1
110 50 1
155 282 1
14 102 1
175 93 1
31 302 1
6 323 1
59 33 1
119 341 1
15 142 1
24 282 1
223 252 1
94 163 1
41 159 1
14 240 1
247 126 1
68 59 1
65 93 1
49 6 1
255 364 1
31 306 1
72 147 1
238 123 1
24 253 1
11 63 1
40 224 1
47 307 1
125 253 1
311 253 1
29 145 1
75 40 1
24 236 1
246 93 1
239 95 1
349 126 1
140 262 1
50 252 1
10 44 1
181 145 1
384 336 1
49 319 1
219 307 1
162 110 1
122 298 1
69 304 1
23 281 1
89 8 1
23 236 1
192 238 1
57 236 1
222 147 1
78 159 1
11 271 1
60 244 1
246 239 1
65 159 1
224 328 1
58 63 1
185 38 1
14 103 1
87 8 1
46 378 1
14 272 1
150 145 1
121 271 1
312 59 1
86 376 1
3 126 1
60 307 1
43 290 1
18 35 1
28 248 1
173 304 1
12 260 1
55 126 1
225 285 1
123 377 1
120 38 1
12 159 1
151 210 1
120 207 1
55 248 1
23 6 1
224 50 1
358 204 1
19 217 1
91 253 1
139 290 1
47 250 1
157 30 1
3 332 1
242 145 1
9 41 1
130 116 1
33 260 1
17 142 1
154 240 1
38 142 1
326 253 1
358 307 1
1 350 1
60 50 1
310 59 1
222 240 1
65 212 1
93 304 1
186 240 1
69 8 1
368 307 1
223 92 1
311 176 1
32 236 1
189 302 1
158 377 1
117 269 1
65 295 1
46 175 1
155 59 1
6 163 1
19 36 1
378 101 1
52 304 1
68 279 1
227 171 1
109 262 1
114 145 1
88 353 1
49 93 1
295 290 1
163 253 1
163 341 1
65 257 1
47 50 1
5 216 1
400 252 1
33 377 1
125 377 1
125 282 1
225 144 1
281 364 1
11 69 1
83 155 1
210 364 1
291 54 1
6 302 1
79 93 1
71 54 1
31 377 1
15 69 1
140 364 1
51 378 1
52 282 1
43 244 1
29 69 1
172 191 1
10 41 1
273 328 1
13 147 1
43 373 1
223 378 1
191 304 1
242 124 1
35 304 1
357 304 1
11 174 1
199 323 1
199 44 1
301 253 1
223 163 1
59 239 1
80 126 1
132 11 1
163 159 1
6 108 1
39 82 1
145 145 1
37 119 1
84 285 1
158 63 1
26 281 1
23 65 1
24 107 1
56 377 1
138 63 1
252 61 1
140 163 1
219 174 1
39 205 1
18 63 1
16 69 1
29 59 1
14 55 1
172 35 1
125 227 1
2 68 1
293 63 1
36 147 1
43 323 1
140 296 1
146 50 1
9 269 1
55 260 1
14 376 1
138 44 1
4 59 1
65 65 1
17 232 1
343 142 1
39 163 1
76 304 1
431 219 1
28 373 1
134 11 1
168 140 1
50 92 1
110 253 1
16 276 1
28 266 1
230 163 1
164 317 1
10 6 1
2 236 1
19 198 1
124 38 1
33 304 1
239 290 1
46 319 1
172 219 1
335 97 1
13 32 1
38 253 1
49 364 1
6 135 1
44 282 1
131 307 1
19 180 1
182 364 1
177 217 1
182 61 1
195 304 1
19 60 1
290 377 1
14 188 1
88 306 1
41 147 1
356 64 1
242 253 1
44 203 1
121 169 1
191 282 1
110 378 1
18 107 1
123 11 1
199 50 1
87 378 1
227 372 1
28 281 1
348 307 1
230 50 1
5 121 1
106 142 1
204 185 1
6 26 1
182 163 1
71 266 1
60 59 1
47 36 1
69 328 1
17 185 1
292 54 1
50 206 1
19 75 1
22 61 1
17 65 1
118 120 1
130 93 1
14 65 1
30 321 1
38 240 1
118 317 1
56 364 1
29 219 1
39 182 1
106 290 1
289 328 1
23 50 1
227 282 1
60 159 1
27 323 1
255 252 1
345 252 1
131 328 1
247 307 1
326 163 1
58 350 1
84 252 1
154 120 1
166 377 1
240 59 1
108 44 1
255 262 1
78 119 1
91 59 1
180 364 1
128 345 1
255 210 1
222 374 1
55 353 1
16 111 1
86 253 1
167 59 1
158 364 1
1 282 1
150 93 1
75 59 1
172 304 1
222 245 1
187 326 1
138 369 1
41 364 1
124 130 1
9 63 1
14 146 1
28 328 1
460 326 1
5 2 1
15 61 1
95 126 1
247 63 1
148 177 1
71 377 1
34 61 1
13 97 1
258 341 1
19 90 1
7 364 1
267 364 1
75 262 1
178 59 1
33 364 1
46 236 1
44 93 1
86 93 1
154 241 1
121 32 1
39 108 1
28 93 1
44 236 1
113 119 1
56 236 1
383 150 1
183 145 1
19 138 1
79 187 1
180 370 1
84 378 1
252 145 1
114 370 1
73 321 1
83 50 1
81 219 1
137 299 1
141 252 1
7 349 1
47 364 1
175 377 1
120 53 1
175 363 1
79 237 1
298 377 1
93 8 1
147 59 1
315 252 1
156 235 1
135 340 1
69 140 1
48 169 1
6 341 1
46 219 1
13 241 1
18 331 1
316 140 1
33 11 1
39 253 1
39 370 1
19 176 1
106 147 1
158 145 1
12 297 1
9 155 1
18 376 1
31 370 1
69 24 1
14 68 1
164 191 1
22 374 1
18 377 1
23 364 1
91 328 1
21 59 1
120 80 1
88 145 1
358 65 1
60 169 1
196 40 1
14 264 1
265 150 1
29 147 1
46 93 1
83 8 1
24 320 1
36 241 1
1 37 1
68 313 1
162 63 1
240 63 1
118 269 1
125 65 1
170 139 1
234 253 1
168 380 1
126 11 1
131 59 1
321 93 1
32 92 1
488 364 1
106 292 1
29 307 1
1 252 1
56 207 1
223 377 1
202 163 1
46 302 1
81 26 1
79 50 1
16 253 1
175 212 1
91 282 1
266 120 1
264 150 1
160 207 1
18 16 1
81 145 1
106 50 1
19 65 1
269 364 1
412 163 1
214 370 1
59 269 1
143 345 1
11 34 1
319 65 1
289 54 1
19 145 1
349 328 1
65 216 1
386 123 1
119 304 1
389 126 1
343 59 1
19 202 1
45 253 1
357 282 1
11 240 1
36 69 1
142 307 1
19 50 1
30 339 1
117 110 1
190 217 1
316 95 1
18 356 1
150 364 1
182 307 1
16 26 1
134 262 1
241 239 1
40 126 1
223 61 1
55 370 1
119 163 1
15 206 1
79 236 1
22 6 1
3 50 1
343 186 1
244 328 1
113 282 1
405 328 1
154 282 1
121 50 1
85 191 1
29 169 1
119 59 1
162 44 1
41 50 1
33 126 1
42 145 1
18 330 1
44 191 1
281 65 1
5 193 1
175 239 1
204 172 1
305 323 1
14 67 1
9 296 1
414 169 1
181 269 1
96 50 1
126 145 1
125 349 1
51 253 1
12 311 1
73 171 1
51 281 1
8 364 1
162 191 1
216 216 1
357 65 1
241 59 1
117 93 1
310 236 1
118 92 1
273 236 1
323 59 1
122 290 1
10 11 1
23 252 1
91 8 1
158 380 1
35 231 1
39 328 1
158 244 1
113 330 1
43 364 1
327 59 1
219 67 1
19 337 1
228 75 1
241 253 1
191 253 1
15 92 1
15 302 1
204 113 1
180 163 1
118 193 1
227 191 1
138 61 1
419 181 1
44 11 1
110 147 1
126 216 1
213 376 1
72 93 1
165 63 1
169 61 1
13 231 1
19 299 1
10 173 1
14 145 1
216 159 1
19 270 1
8 257 1
141 50 1
163 110 1
166 53 1
468 328 1
36 145 1
47 123 1
12 317 1
223 93 1
210 50 1
18 359 1
77 378 1
157 50 1
82 12 1
122 11 1
19 33 1
104 364 1
14 307 1
47 271 1
29 216 1
79 239 1
55 302 1
125 370 1
227 162 1
219 282 1
113 307 1
163 186 1
120 63 1
79 353 1
196 120 1
155 253 1
7 145 1
223 50 1
166 76 1
42 310 1
187 376 1
118 186 1
55 92 1
230 92 1
445 239 1
222 304 1
32 370 1
60 126 1
145 54 1
163 364 1
173 377 1
170 34 1
343 236 1
81 304 1
146 253 1
15 269 1
36 216 1
12 290 1
16 163 1
15 253 1
162 92 1
308 279 1
12 269 1
141 142 1
79 36 1
133 153 1
14 357 1
65 326 1
279 139 1
7 362 1
55 318 1
160 32 1
42 126 1
88 241 1
11 126 1
28 145 1
31 93 1
203 50 1
219 364 1
68 50 1
149 328 1
119 219 1
52 63 1
409 163 1
68 35 1
19 171 1
252 375 1
35 6 1
46 169 1
407 155 1
10 174 1
258 364 1
470 328 1
3 93 1
123 147 1
103 8 1
10 328 1
173 253 1
16 366 1
426 239 1
43 212 1
127 163 1
50 347 1
109 63 1
110 227 1
15 328 1
146 61 1
69 174 1
273 240 1
45 6 1
33 236 1
113 239 1
46 176 1
307 307 1
138 67 1
38 63 1
52 6 1
359 65 1
38 377 1
73 145 1
73 120 1
122 236 1
75 314 1
71 212 1
136 145 1
36 328 1
216 323 1
5 364 1
231 364 1
204 356 1
18 328 1
55 8 1
12 282 1
7 3 1
138 364 1
267 328 1
148 119 1
328 253 1
127 178 1
33 6 1
11 282 1
205 50 1
19 191 1
68 123 1
141 366 1
188 347 1
349 351 1
138 357 1
106 289 1
316 290 1
227 163 1
48 145 1
157 155 1
326 59 1
110 307 1
167 50 1
223 281 1
345 61 1
84 142 1
272 255 1
180 93 1
14 380 1
180 59 1
13 249 1
180 126 1
106 282 1
266 50 1
307 290 1
150 18 1
217 338 1
5 169 1
88 262 1
60 176 1
166 285 1
130 254 1
287 63 1
33 338 1
262 50 1
295 304 1
283 159 1
109 9 1
144 284 1
43 22 1
265 93 1
45 378 1
403 147 1
132 341 1
23 377 1
88 364 1
138 120 1
146 236 1
224 182 1
114 59 1
231 253 1
19 126 1
123 93 1
273 92 1
41 119 1
238 253 1
138 377 1
56 305 1
13 92 1
43 271 1
12 50 1
156 26 1
12 328 1
75 282 1
3 1 1
238 50 1
33 263 1
43 269 1
14 63 1
141 88 1
90 310 1
175 341 1
65 167 1
125 44 1
106 145 1
199 163 1
46 285 1
407 219 1
69 17 1
16 301 1
14 192 1
216 219 1
404 148 1
56 147 1
353 253 1
2 11 1
306 95 1
4 2 1
36 161 1
149 59 1
56 290 1
93 270 1
43 6 1
200 45 1
63 126 1
342 59 1
163 120 1
24 252 1
211 50 1
42 63 1
279 50 1
88 159 1
216 217 1
163 63 1
163 247 1
14 26 1
258 236 1
316 82 1
94 126 1
11 3 1
263 324 1
139 147 1
15 111 1
78 50 1
125 250 1
208 50 1
163 304 1
178 253 1
25 252 1
46 145 1
112 105 1
155 370 1
162 304 1
1 61 1
176 119 1
266 282 1
14 136 1
4 328 1
6 43 1
491 376 1
97 8 1
47 176 1
84 304 1
37 56 1
216 145 1
364 364 1
14 171 1
78 261 1
19 319 1
35 328 1
234 163 1
106 253 1
362 239 1
458 261 1
43 304 1
75 244 1
153 336 1
165 253 1
225 219 1
122 93 1
6 198 1
301 59 1
18 105 1
171 120 1
9 35 1
160 364 1
183 63 1
86 163 1
253 50 1
47 330 1
10 92 1
5 59 1
60 364 1
60 92 1
204 231 1
88 64 1
158 210 1
128 59 1
294 159 1
247 145 1
443 239 1
341 239 1
295 147 1
195 40 1
91 54 1
28 61 1
192 147 1
37 6 1
115 219 1
110 328 1
56 38 1
29 377 1
129 328 1
2 156 1
52 253 1
204 229 1
15 95 1
283 323 1
46 328 1
14 13 1
117 281 1
127 332 1
305 260 1
332 59 1
150 382 1
150 353 1
330 239 1
154 50 1
71 304 1
3 159 1
158 93 1
14 3 1
53 328 1
148 353 1
314 253 1
51 361 1
365 323 1
174 261 1
41 282 1
224 262 1
24 378 1
75 54 1
158 40 1
37 53 1
50 53 1
178 41 1
223 79 1
253 304 1
46 377 1
172 63 1
172 252 1
68 147 1
190 52 1
3 32 1
168 162 1
326 63 1
2 61 1
29 34 1
328 377 1
141 65 1
125 11 1
113 377 1
88 146 1
35 260 1
156 236 1
65 206 1
16 187 1
126 120 1
19 269 1
112 59 1
306 145 1
17 369 1
224 308 1
167 307 1
79 53 1
9 364 1
19 93 1
43 282 1
26 310 1
24 61 1
57 93 1
17 364 1
306 59 1
423 206 1
18 258 1
243 61 1
171 220 1
60 248 1
158 302 1
30 56 1
402 147 1
202 353 1
231 50 1
89 59 1
159 239 1
47 322 1
63 93 1
126 191 1
121 282 1
358 163 1
75 180 1
199 364 1
14 98 1
89 253 1
261 50 1
65 147 1
125 285 1
29 376 1
176 36 1
73 97 1
35 338 1
149 145 1
149 281 1
185 302 1
14 338 1
65 218 1
114 10 1
72 65 1
365 92 1
273 364 1
14 296 1
91 330 1
200 206 1
1 210 1
80 59 1
60 121 1
162 269 1
128 236 1
144 252 1
150 282 1
31 119 1
10 254 1
28 378 1
9 145 1
280 306 1
19 104 1
219 93 1
138 262 1
71 65 1
27 50 1
10 145 1
280 180 1
234 59 1
38 307 1
131 159 1
85 8 1
19 261 1
8 40 1
119 247 1
138 21 1
34 119 1
117 328 1
43 222 1
305 364 1
3 61 1
14 336 1
5 353 1
111 38 1
91 206 1
489 372 1
146 255 1
433 364 1
68 38 1
357 93 1
447 239 1
291 63 1
28 92 1
19 222 1
150 236 1
123 291 1
28 244 1
24 91 1
17 240 1
19 151 1
77 304 1
53 6 1
163 269 1
476 349 1
117 323 1
231 252 1
325 304 1
45 205 1
146 279 1
120 282 1
113 93 1
18 182 1
39 92 1
143 252 1
23 304 1
135 376 1
59 349 1
114 216 1
166 281 1
10 377 1
50 65 1
110 340 1
15 304 1
110 69 1
119 92 1
143 370 1
117 120 1
1 236 1
24 307 1
425 328 1
120 180 1
68 53 1
459 261 1
221 50 1
148 50 1
141 59 1
43 318 1
2 332 1
119 88 1
194 82 1
31 252 1
175 330 1
138 171 1
349 364 1
9 383 1
14 216 1
13 328 1
138 93 1
3 271 1
54 11 1
39 159 1
251 50 1
194 147 1
148 383 1
71 296 1
158 236 1
146 16 1
178 357 1
44 232 1
37 59 1
203 236 1
13 311 1
17 186 1
327 378 1
12 272 1
219 370 1
308 186 1
405 262 1
52 377 1
194 364 1
81 328 1
187 38 1
10 50 1
190 222 1
46 307 1
124 23 1
146 163 1
9 328 1
202 304 1
154 47 1
28 377 1
376 253 1
14 269 1
109 304 1
78 224 1
231 147 1
13 3 1
14 243 1
37 63 1
154 281 1
169 364 1
189 227 1
13 216 1
150 326 1
234 267 1
68 8 1
16 65 1
18 51 1
292 377 1
19 133 1
21 107 1
223 147 1
204 232 1
120 374 1
154 54 1
274 50 1
36 27 1
109 119 1
69 260 1
50 264 1
51 216 1
78 377 1
43 281 1
68 359 1
55 222 1
343 349 1
2 381 1
109 328 1
11 261 1
8 304 1
225 63 1
14 273 1
45 163 1
18 219 1
318 252 1
280 304 1
42 53 1
124 231 1
153 24 1
53 61 1
32 328 1
22 282 1
252 93 1
119 191 1
166 253 1
400 324 1
14 334 1
224 261 1
236 50 1
219 236 1
118 341 1
70 33 1
12 65 1
39 120 1
14 209 1
280 61 1
14 303 1
10 347 1
73 147 1
49 19 1
451 253 1
19 68 1
59 186 1
75 51 1
55 38 1
59 92 1
50 41 1
88 221 1
28 237 1
141 236 1
284 54 1
47 249 1
67 190 1
44 253 1
24 328 1
191 159 1
208 63 1
41 307 1
14 236 1
318 262 1
10 54 1
219 163 1
194 53 1
272 253 1
141 119 1
71 32 1
216 88 1
11 239 1
9 302 1
37 253 1
32 97 1
195 124 1
295 382 1
130 236 1
196 50 1
154 264 1
238 290 1
42 236 1
128 11 1
7 247 1
50 6 1
335 253 1
55 304 1
154 135 1
44 119 1
177 61 1
180 243 1
6 271 1
4 238 1
32 307 1
155 26 1
76 59 1
107 364 1
390 126 1
321 330 1
154 353 1
14 205 1
24 50 1
24 310 1
106 377 1
18 191 1
331 61 1
200 145 1
155 304 1
50 328 1
8 237 1
20 239 1
201 106 1
25 282 1
34 378 1
122 194 1
14 49 1
120 50 1
14 35 1
28 166 1
428 376 1
14 12 1
75 248 1
168 171 1
59 253 1
16 264 1
46 35 1
140 16 1
71 380 1
7 269 1
98 8 1
17 370 1
119 307 1
55 180 1
345 271 1
280 164 1
202 49 1
41 290 1
75 36 1
110 351 1
81 307 1
122 364 1
118 236 1
110 357 1
224 304 1
175 163 1
17 50 1
146 156 1
15 4 1
183 262 1
30 130 1
241 163 1
72 163 1
125 309 1
13 145 1
39 364 1
46 6 1
168 37 1
106 255 1
305 376 1
46 231 1
75 266 1
177 253 1
114 126 1
160 65 1
28 91 1
70 246 1
347 61 1
120 271 1
149 50 1
56 374 1
70 38 1
273 63 1
230 252 1
47 260 1
7 93 1
45 63 1
352 63 1
328 324 1
155 63 1
127 173 1
78 216 1
63 112 1
33 163 1
9 226 1
58 377 1
23 307 1
34 328 1
477 364 1
30 323 1
1 240 1
36 163 1
331 59 1
281 145 1
25 61 1
71 180 1
20 4 1
202 290 1
261 239 1
204 261 1
445 328 1
142 50 1
122 257 1
421 252 1
29 329 1
168 97 1
69 262 1
22 93 1
166 50 1
113 59 1
7 282 1
7 50 1
178 356 1
138 241 1
222 50 1
92 376 1
227 377 1
59 370 1
18 76 1
192 364 1
28 304 1
68 61 1
80 36 1
175 145 1
146 377 1
1 54 1
40 236 1
28 218 1
185 59 1
194 59 1
13 17 1
351 63 1
3 95 1
43 120 1
85 279 1
58 328 1
132 236 1
164 269 1
65 252 1
38 11 1
24 142 1
14 257 1
7 163 1
226 50 1
23 282 1
227 240 1
18 321 1
210 253 1
202 285 1
46 15 1
48 253 1
216 59 1
159 59 1
50 142 1
138 66 1
47 262 1
23 53 1
14 16 1
150 368 1
118 110 1
77 377 1
176 252 1
44 163 1
316 184 1
18 65 1
47 65 1
16 302 1
280 236 1
29 321 1
178 38 1
88 269 1
191 364 1
140 142 1
169 34 1
37 364 1
229 262 1
178 50 1
234 105 1
76 93 1
142 261 1
5 171 1
48 282 1
161 349 1
5 93 1
5 304 1
138 264 1
6 282 1
124 371 1
46 262 1
28 290 1
306 333 1
27 142 1
78 98 1
109 263 1
31 236 1
190 219 1
80 364 1
272 93 1
35 120 1
2 59 1
18 216 1
486 364 1
71 373 1
75 167 1
79 59 1
167 107 1
234 198 1
116 107 1
186 251 1
1 120 1
126 326 1
198 376 1
190 239 1
71 245 1
59 191 1
364 163 1
146 282 1
262 126 1
176 219 1
210 236 1
218 93 1
230 53 1
9 159 1
72 282 1
88 35 1
141 82 1
43 328 1
110 61 1
275 282 1
47 32 1
55 167 1
94 50 1
84 93 1
22 364 1
43 59 1
65 16 1
300 59 1
47 163 1
241 120 1
168 218 1
298 282 1
38 9 1
176 253 1
216 282 1
91 377 1
178 376 1
114 262 1
124 328 1
117 236 1
222 145 1
12 210 1
275 238 1
316 282 1
13 297 1
133 272 1
254 377 1
39 126 1
40 11 1
135 120 1
183 236 1
204 59 1
72 8 1
242 265 1
39 164 1
8 56 1
10 65 1
121 367 1
119 124 1
42 281 1
80 304 1
53 92 1
14 304 1
260 304 1
79 314 1
109 35 1
14 185 1
225 93 1
17 304 1
200 377 1
463 290 1
130 11 1
44 6 1
16 304 1
46 53 1
225 237 1
5 163 1
164 186 1
106 343 1
19 35 1
77 62 1
464 304 1
43 145 1
339 269 1
259 285 1
325 59 1
216 236 1
175 358 1
19 59 1
227 92 1
101 8 1
36 377 1
60 237 1
11 302 1
79 65 1
453 326 1
6 16 1
270 253 1
37 236 1
406 155 1
3 376 1
88 147 1
12 353 1
280 147 1
127 282 1
27 93 1
166 147 1
167 271 1
112 9 1
110 126 1
37 377 1
204 158 1
110 304 1
31 327 1
215 50 1
175 36 1
280 261 1
11 61 1
43 50 1
150 63 1
131 41 1
84 50 1
142 180 1
469 328 1
202 93 1
125 61 1
93 239 1
225 147 1
30 236 1
178 36 1
14 7 1
125 364 1
28 8 1
14 61 1
175 65 1
65 178 1
162 282 1
29 353 1
16 159 1
146 332 1
56 253 1
93 364 1
18 239 1
362 382 1
39 97 1
16 342 1
194 369 1
44 271 1
259 364 1
142 24 1
316 304 1
358 93 1
410 253 1
47 61 1
242 93 1
292 328 1
6 241 1
308 59 1
229 50 1
88 70 1
355 63 1
203 323 1
129 11 1
343 247 1
55 65 1
59 50 1
28 210 1
165 370 1
293 328 1
46 50 1
144 119 1
7 61 1
84 307 1
36 6 1
5 26 1
219 262 1
88 171 1
290 54 1
124 377 1
73 377 1
210 285 1
166 34 1
44 8 1
59 93 1
18 370 1
11 66 1
51 6 1
71 93 1
78 69 1
219 50 1
202 59 1
88 256 1
207 50 1
155 239 1
8 205 1
131 232 1
118 191 1
21 364 1
7 314 1
41 185 1
14 126 1
14 285 1
86 364 1
138 328 1
191 360 1
374 356 1
42 180 1
12 377 1
281 382 1
252 59 1
200 120 1
150 332 1
8 169 1
44 199 1
138 12 1
21 282 1
224 156 1
65 269 1
14 25 1
154 61 1
28 11 1
308 145 1
2 219 1
50 147 1
14 14 1
182 217 1
13 282 1
166 93 1
304 93 1
204 364 1
9 343 1
256 228 1
26 370 1
51 377 1
65 179 1
126 92 1
68 328 1
10 120 1
199 345 1
5 97 1
47 41 1
49 8 1
71 40 1
331 163 1
16 35 1
231 360 1
73 328 1
46 59 1
424 207 1
49 224 1
19 246 1
91 63 1
176 93 1
164 159 1
141 307 1
6 220 1
183 38 1
31 54 1
225 343 1
7 180 1
119 349 1
43 302 1
30 304 1
162 33 1
18 143 1
422 272 1
48 59 1
175 355 1
168 314 1
60 65 1
79 220 1
177 100 1
126 163 1
12 107 1
182 123 1
10 304 1
17 92 1
333 59 1
113 159 1
88 8 1
5 227 1
10 163 1
14 34 1
48 370 1
270 50 1
49 63 1
246 53 1
88 332 1
55 59 1
472 328 1
144 50 1
23 93 1
55 282 1
1 169 1
84 169 1
48 50 1
130 147 1
336 239 1
84 59 1
11 319 1
158 126 1
151 124 1
362 252 1
116 11 1
87 50 1
131 11 1
240 253 1
143 63 1
29 282 1
149 253 1
14 28 1
51 282 1
216 169 1
175 219 1
5 135 1
86 326 1
93 84 1
376 93 1
172 364 1
29 159 1
202 252 1
5 232 1
275 171 1
44 123 1
182 331 1
175 123 1
28 321 1
194 74 1
9 262 1
171 219 1
165 65 1
230 57 1
6 50 1
157 257 1
113 120 1
19 105 1
77 38 1
106 378 1
59 119 1
391 253 1
177 36 1
79 61 1
175 339 1
24 82 1
14 132 1
46 214 1
94 145 1
34 6 1
69 364 1
84 8 1
411 163 1
1 174 1
69 33 1
117 33 1
359 120 1
141 328 1
155 236 1
109 236 1
5 236 1
298 130 1
59 235 1
79 252 1
281 201 1
125 175 1
173 307 1
259 163 1
58 304 1
123 163 1
28 216 1
268 163 1
377 95 1
18 291 1
51 163 1
261 326 1
37 108 1
37 182 1
14 241 1
104 253 1
357 239 1
15 65 1
148 210 1
19 118 1
148 241 1
114 364 1
198 44 1
187 240 1
422 206 1
42 65 1
120 353 1
24 304 1
454 253 1
8 119 1
28 374 1
141 147 1
12 241 1
343 282 1
75 216 1
240 236 1
10 126 1
167 239 1
33 113 1
267 61 1
298 59 1
172 282 1
15 119 1
176 123 1
30 6 1
114 11 1
120 290 1
219 86 1
7 236 1
72 159 1
6 171 1
46 227 1
71 240 1
309 59 1
37 227 1
246 271 1
7 348 1
288 377 1
242 282 1
13 206 1
34 36 1
81 379 1
136 159 1
173 65 1
162 366 1
173 163 1
140 93 1
17 332 1
136 93 1
6 64 1
19 323 1
78 61 1
160 240 1
43 338 1
140 97 1
306 239 1
72 364 1
202 147 1
223 59 1
2 147 1
50 236 1
7 59 1
114 328 1
141 240 1
119 281 1
227 323 1
143 206 1
75 318 1
252 320 1
233 50 1
166 145 1
32 59 1
267 163 1
19 185 1
50 355 1
56 6 1
350 63 1
14 82 1
6 216 1
165 53 1
34 364 1
143 59 1
77 65 1
65 64 1
177 364 1
76 236 1
155 328 1
118 314 1
401 376 1
65 50 1
131 236 1
158 163 1
84 236 1
47 232 1
14 152 1
11 347 1
11 210 1
36 371 1
96 8 1
314 93 1
175 235 1
178 145 1
181 221 1
10 327 1
171 65 1
38 370 1
349 93 1
69 307 1
146 378 1
45 147 1
48 364 1
30 54 1
124 253 1
305 218 1
263 150 1
118 207 1
20 185 1
58 59 1
58 35 1
21 236 1
221 120 1
44 240 1
6 236 1
124 272 1
343 271 1
152 63 1
164 349 1
146 221 1
245 323 1
163 349 1
9 50 1
479 364 1
117 282 1
18 50 1
81 255 1
379 163 1
146 126 1
372 253 1
15 29 1
118 349 1
146 328 1
125 216 1
86 356 1
52 119 1
13 39 1
234 93 1
16 328 1
65 221 1
35 364 1
10 3 1
6 92 1
117 291 1
8 328 1
117 317 1
10 91 1
23 59 1
21 255 1
216 163 1
55 266 1
131 257 1
365 239 1
166 364 1
31 180 1
242 50 1
88 302 1
106 11 1
154 262 1
216 285 1
5 202 1
318 59 1
43 245 1
157 93 1
128 364 1
471 328 1
201 261 1
7 6 1
18 273 1
180 65 1
20.0 86.0 0
153.0 344.0 0
57.0 71.0 0
273.0 178.0 0
238.0 113.0 0
260.0 185.0 0
287.0 71.0 0
383.0 21.0 0
364.0 50.0 0
364.0 193.0 0
440.0 67.0 0
466.0 146.0 0
176.0 81.0 0
386.0 305.0 0
353.0 195.0 0
349.0 242.0 0
380.0 327.0 0
387.0 16.0 0
314.0 214.0 0
229.0 101.0 0
190.0 289.0 0
69.0 71.0 0
284.0 102.0 0
297.0 241.0 0
389.0 161.0 0
36.0 281.0 0
368.0 280.0 0
113.0 200.0 0
165.0 248.0 0
494.0 283.0 0
219.0 351.0 0
120.0 241.0 0
272.0 215.0 0
25.0 20.0 0
406.0 176.0 0
202.0 311.0 0
150.0 207.0 0
383.0 293.0 0
50.0 215.0 0
174.0 13.0 0
69.0 199.0 0
209.0 308.0 0
441.0 360.0 0
442.0 82.0 0
469.0 59.0 0
260.0 119.0 0
19.0 173.0 0
40.0 338.0 0
378.0 329.0 0
27.0 75.0 0
109.0 8.0 0
26.0 302.0 0
118.0 183.0 0
25.0 351.0 0
38.0 12.0 0
432.0 131.0 0
314.0 208.0 0
62.0 360.0 0
57.0 224.0 0
277.0 223.0 0
341.0 180.0 0
257.0 57.0 0
330.0 329.0 0
319.0 145.0 0
78.0 75.0 0
136.0 1.0 0
474.0 117.0 0
383.0 354.0 0
228.0 66.0 0
72.0 284.0 0
157.0 318.0 0
395.0 333.0 0
15.0 282.0 0
327.0 12.0 0
98.0 147.0 0
427.0 132.0 0
208.0 308.0 0
331.0 207.0 0
387.0 313.0 0
367.0 22.0 0
199.0 249.0 0
83.0 6.0 0
449.0 275.0 0
289.0 12.0 0
458.0 216.0 0
165.0 243.0 0
362.0 347.0 0
31.0 309.0 0
192.0 254.0 0
488.0 78.0 0
69.0 3.0 0
41.0 99.0 0
41.0 263.0 0
448.0 163.0 0
391.0 76.0 0
189.0 196.0 0
183.0 34.0 0
94.0 212.0 0
449.0 298.0 0
127.0 7.0 0
184.0 132.0 0
252.0 233.0 0
490.0 248.0 0
412.0 35.0 0
162.0 256.0 0
316.0 91.0 0
463.0 65.0 0
71.0 122.0 0
330.0 288.0 0
271.0 116.0 0
294.0 15.0 0
318.0 286.0 0
229.0 292.0 0
421.0 170.0 0
140.0 55.0 0
452.0 64.0 0
395.0 327.0 0
242.0 94.0 0
91.0 373.0 0
260.0 227.0 0
331.0 232.0 0
6.0 158.0 0
132.0 142.0 0
95.0 40.0 0
295.0 175.0 0
44.0 99.0 0
155.0 180.0 0
286.0 225.0 0
166.0 55.0 0
246.0 108.0 0
216.0 303.0 0
116.0 127.0 0
108.0 269.0 0
114.0 222.0 0
449.0 271.0 0
196.0 318.0 0
131.0 234.0 0
378.0 208.0 0
441.0 320.0 0
265.0 44.0 0
372.0 64.0 0
423.0 181.0 0
100.0 93.0 0
42.0 305.0 0
20.0 149.0 0
208.0 212.0 0
183.0 117.0 0
77.0 189.0 0
456.0 120.0 0
148.0 328.0 0
262.0 300.0 0
39.0 181.0 0
268.0 316.0 0
5.0 158.0 0
33.0 323.0 0
210.0 246.0 0
417.0 65.0 0
93.0 196.0 0
281.0 90.0 0
87.0 274.0 0
373.0 242.0 0
83.0 312.0 0
492.0 361.0 0
424.0 132.0 0
125.0 144.0 0
326.0 134.0 0
294.0 195.0 0
344.0 177.0 0
285.0 311.0 0
386.0 217.0 0
229.0 170.0 0
276.0 261.0 0
197.0 351.0 0
469.0 125.0 0
25.0 33.0 0
283.0 310.0 0
133.0 346.0 0
411.0 190.0 0
142.0 164.0 0
187.0 33.0 0
116.0 58.0 0
336.0 338.0 0
267.0 38.0 0
240.0 250.0 0
298.0 11.0 0
150.0 87.0 0
52.0 230.0 0
29.0 86.0 0
25.0 310.0 0
294.0 353.0 0
446.0 118.0 0
108.0 40.0 0
190.0 229.0 0
284.0 167.0 0
219.0 159.0 0
57.0 129.0 0
94.0 140.0 0
356.0 158.0 0
184.0 152.0 0
3.0 7.0 0
195.0 320.0 0
76.0 338.0 0
257.0 120.0 0
410.0 346.0 0
24.0 180.0 0
438.0 259.0 0
492.0 167.0 0
336.0 75.0 0
410.0 68.0 0
128.0 187.0 0
176.0 86.0 0
9.0 132.0 0
385.0 55.0 0
326.0 356.0 0
441.0 112.0 0
490.0 268.0 0
60.0 246.0 0
245.0 321.0 0
231.0 150.0 0
75.0 264.0 0
330.0 272.0 0
199.0 233.0 0
188.0 108.0 0
325.0 216.0 0
432.0 158.0 0
95.0 336.0 0
343.0 39.0 0
46.0 56.0 0
171.0 22.0 0
231.0 64.0 0
49.0 57.0 0
30.0 134.0 0
55.0 284.0 0
349.0 325.0 0
409.0 361.0 0
437.0 258.0 0
258.0 105.0 0
357.0 226.0 0
246.0 264.0 0
386.0 211.0 0
427.0 275.0 0
245.0 58.0 0
123.0 109.0 0
245.0 296.0 0
460.0 323.0 0
151.0 64.0 0
6.0 243.0 0
147.0 125.0 0
275.0 353.0 0
33.0 204.0 0
395.0 261.0 0
322.0 191.0 0
113.0 250.0 0
195.0 21.0 0
11.0 360.0 0
417.0 373.0 0
312.0 338.0 0
26.0 82.0 0
246.0 286.0 0
229.0 353.0 0
413.0 172.0 0
225.0 56.0 0
298.0 305.0 0
320.0 124.0 0
373.0 104.0 0
186.0 315.0 0
450.0 181.0 0
69.0 282.0 0
24.0 183.0 0
26.0 273.0 0
273.0 156.0 0
373.0 173.0 0
446.0 244.0 0
362.0 35.0 0
131.0 157.0 0
251.0 131.0 0
306.0 306.0 0
87.0 245.0 0
70.0 64.0 0
154.0 8.0 0
454.0 127.0 0
155.0 105.0 0
43.0 152.0 0
181.0 239.0 0
143.0 28.0 0
461.0 145.0 0
199.0 151.0 0
192.0 32.0 0
403.0 236.0 0
42.0 260.0 0
216.0 87.0 0
184.0 28.0 0
51.0 207.0 0
255.0 328.0 0
325.0 118.0 0
488.0 213.0 0
131.0 9.0 0
127.0 232.0 0
433.0 317.0 0
447.0 122.0 0
19.0 21.0 0
183.0 254.0 0
324.0 1.0 0
20.0 201.0 0
3.0 212.0 0
185.0 226.0 0
123.0 320.0 0
392.0 12.0 0
271.0 371.0 0
363.0 370.0 0
83.0 111.0 0
306.0 268.0 0
413.0 257.0 0
315.0 145.0 0
382.0 197.0 0
314.0 5.0 0
86.0 37.0 0
267.0 210.0 0
387.0 157.0 0
320.0 375.0 0
391.0 110.0 0
202.0 275.0 0
330.0 210.0 0
264.0 108.0 0
217.0 52.0 0
69.0 326.0 0
363.0 125.0 0
81.0 49.0 0
97.0 353.0 0
485.0 216.0 0
20.0 153.0 0
154.0 212.0 0
87.0 298.0 0
45.0 231.0 0
436.0 262.0 0
70.0 173.0 0
116.0 56.0 0
234.0 111.0 0
145.0 206.0 0
53.0 205.0 0
461.0 247.0 0
259.0 204.0 0
333.0 369.0 0
286.0 265.0 0
312.0 243.0 0
147.0 94.0 0
139.0 33.0 0
217.0 14.0 0
268.0 294.0 0
211.0 41.0 0
5.0 40.0 0
254.0 257.0 0
343.0 251.0 0
214.0 140.0 0
26.0 48.0 0
8.0 45.0 0
202.0 122.0 0
254.0 294.0 0
136.0 373.0 0
291.0 342.0 0
95.0 160.0 0
446.0 213.0 0
34.0 347.0 0
320.0 336.0 0
240.0 151.0 0
85.0 327.0 0
106.0 240.0 0
270.0 107.0 0
225.0 269.0 0
116.0 287.0 0
86.0 264.0 0
411.0 309.0 0
259.0 212.0 0
1.0 71.0 0
456.0 50.0 0
54.0 164.0 0
160.0 284.0 0
322.0 311.0 0
184.0 245.0 0
298.0 161.0 0
23.0 298.0 0
337.0 106.0 0
160.0 13.0 0
443.0 361.0 0
122.0 306.0 0
64.0 206.0 0
387.0 281.0 0
362.0 165.0 0
255.0 28.0 0
257.0 125.0 0
403.0 337.0 0
446.0 69.0 0
377.0 232.0 0
308.0 84.0 0
69.0 355.0 0
246.0 125.0 0
321.0 368.0 0
116.0 187.0 0
367.0 241.0 0
456.0 271.0 0
344.0 53.0 0
444.0 147.0 0
167.0 180.0 0
87.0 187.0 0
333.0 162.0 0
272.0 354.0 0
336.0 40.0 0
84.0 216.0 0
263.0 162.0 0
412.0 134.0 0
74.0 339.0 0
26.0 8.0 0
110.0 250.0 0
327.0 164.0 0
55.0 306.0 0
317.0 142.0 0
420.0 373.0 0
480.0 133.0 0
316.0 280.0 0
65.0 185.0 0
262.0 344.0 0
338.0 107.0 0
411.0 346.0 0
338.0 82.0 0
119.0 212.0 0
321.0 181.0 0
259.0 68.0 0
382.0 353.0 0
246.0 257.0 0
111.0 261.0 0
225.0 187.0 0
254.0 285.0 0
70.0 17.0 0
349.0 192.0 0
444.0 249.0 0
34.0 204.0 0
36.0 164.0 0
145.0 23.0 0
131.0 138.0 0
379.0 19.0 0
433.0 188.0 0
351.0 343.0 0
265.0 83.0 0
184.0 131.0 0
378.0 133.0 0
70.0 76.0 0
73.0 40.0 0
266.0 205.0 0
411.0 270.0 0
465.0 268.0 0
171.0 232.0 0
120.0 251.0 0
141.0 192.0 0
309.0 199.0 0
444.0 65.0 0
312.0 82.0 0
461.0 138.0 0
367.0 255.0 0
241.0 329.0 0
6.0 211.0 0
243.0 352.0 0
78.0 331.0 0
44.0 294.0 0
210.0 160.0 0
188.0 90.0 0
194.0 121.0 0
181.0 186.0 0
7.0 106.0 0
41.0 373.0 0
230.0 170.0 0
275.0 12.0 0
345.0 300.0 0
125.0 132.0 0
272.0 157.0 0
94.0 154.0 0
426.0 338.0 0
189.0 86.0 0
231.0 349.0 0
249.0 255.0 0
466.0 185.0 0
179.0 340.0 0
380.0 4.0 0
189.0 10.0 0
54.0 189.0 0
357.0 355.0 0
20.0 116.0 0
341.0 364.0 0
55.0 171.0 0
284.0 109.0 0
486.0 183.0 0
314.0 21.0 0
176.0 286.0 0
447.0 11.0 0
229.0 244.0 0
13.0 21.0 0
142.0 105.0 0
54.0 241.0 0
56.0 34.0 0
20.0 137.0 0
261.0 69.0 0
55.0 303.0 0
421.0 347.0 0
345.0 161.0 0
127.0 267.0 0
80.0 35.0 0
308.0 260.0 0
172.0 2.0 0
1.0 173.0 0
52.0 373.0 0
448.0 98.0 0
154.0 200.0 0
407.0 294.0 0
326.0 373.0 0
383.0 162.0 0
6.0 364.0 0
339.0 272.0 0
67.0 150.0 0
107.0 375.0 0
330.0 245.0 0
199.0 272.0 0
98.0 231.0 0
189.0 192.0 0
147.0 327.0 0
229.0 376.0 0
121.0 78.0 0
351.0 248.0 0
404.0 282.0 0
258.0 317.0 0
208.0 85.0 0
200.0 12.0 0
292.0 2.0 0
268.0 272.0 0
280.0 152.0 0
107.0 261.0 0
33.0 298.0 0
321.0 98.0 0
6.0 239.0 0
75.0 226.0 0
254.0 186.0 0
469.0 232.0 0
268.0 182.0 0
93.0 119.0 0
76.0 128.0 0
136.0 296.0 0
220.0 195.0 0
341.0 26.0 0
456.0 189.0 0
43.0 189.0 0
106.0 66.0 0
313.0 183.0 0
137.0 204.0 0
60.0 185.0 0
495.0 100.0 0
456.0 68.0 0
354.0 100.0 0
57.0 18.0 0
341.0 96.0 0
133.0 170.0 0
183.0 356.0 0
354.0 319.0 0
97.0 46.0 0
448.0 338.0 0
433.0 225.0 0
268.0 27.0 0
42.0 165.0 0
86.0 206.0 0
26.0 258.0 0
405.0 124.0 0
259.0 27.0 0
281.0 163.0 0
250.0 339.0 0
405.0 4.0 0
107.0 301.0 0
311.0 248.0 0
177.0 296.0 0
385.0 255.0 0
492.0 345.0 0
202.0 182.0 0
336.0 163.0 0
325.0 245.0 0
159.0 35.0 0
151.0 97.0 0
143.0 356.0 0
387.0 112.0 0
341.0 241.0 0
111.0 149.0 0
31.0 144.0 0
131.0 256.0 0
52.0 362.0 0
120.0 268.0 0
326.0 157.0 0
246.0 115.0 0
20.0 262.0 0
184.0 41.0 0
112.0 277.0 0
278.0 122.0 0
129.0 295.0 0
275.0 59.0 0
157.0 143.0 0
195.0 42.0 0
335.0 364.0 0
277.0 220.0 0
35.0 180.0 0
54.0 244.0 0
116.0 324.0 0
201.0 111.0 0
40.0 309.0 0
159.0 176.0 0
188.0 372.0 0
409.0 127.0 0
441.0 262.0 0
370.0 55.0 0
73.0 322.0 0
399.0 351.0 0
303.0 201.0 0
94.0 277.0 0
240.0 3.0 0
341.0 332.0 0
447.0 157.0 0
151.0 37.0 0
140.0 14.0 0
190.0 111.0 0
324.0 242.0 0
366.0 77.0 0
329.0 24.0 0
148.0 306.0 0
461.0 310.0 0
49.0 119.0 0
196.0 276.0 0
28.0 242.0 0
403.0 338.0 0
246.0 248.0 0
395.0 204.0 0
21.0 174.0 0
197.0 278.0 0
389.0 66.0 0
185.0 327.0 0
33.0 347.0 0
81.0 275.0 0
404.0 310.0 0
361.0 12.0 0
188.0 160.0 0
450.0 184.0 0
421.0 156.0 0
396.0 133.0 0
24.0 179.0 0
426.0 156.0 0
383.0 280.0 0
108.0 141.0 0
196.0 366.0 0
281.0 374.0 0
92.0 261.0 0
204.0 213.0 0
178.0 370.0 0
157.0 276.0 0
40.0 283.0 0
175.0 150.0 0
442.0 40.0 0
357.0 91.0 0
442.0 375.0 0
31.0 157.0 0
148.0 349.0 0
10.0 373.0 0
490.0 303.0 0
181.0 348.0 0
267.0 40.0 0
188.0 309.0 0
53.0 265.0 0
183.0 293.0 0
411.0 178.0 0
49.0 358.0 0
414.0 193.0 0
260.0 248.0 0
270.0 94.0 0
240.0 276.0 0
157.0 296.0 0
342.0 283.0 0
150.0 174.0 0
44.0 242.0 0
443.0 368.0 0
176.0 171.0 0
140.0 321.0 0
380.0 357.0 0
273.0 165.0 0
20.0 88.0 0
417.0 308.0 0
437.0 66.0 0
136.0 283.0 0
116.0 79.0 0
407.0 4.0 0
366.0 91.0 0
265.0 147.0 0
5.0 268.0 0
330.0 358.0 0
427.0 73.0 0
135.0 283.0 0
168.0 288.0 0
423.0 238.0 0
319.0 100.0 0
383.0 239.0 0
160.0 94.0 0
471.0 244.0 0
33.0 229.0 0
336.0 255.0 0
4.0 232.0 0
104.0 60.0 0
351.0 166.0 0
115.0 208.0 0
442.0 102.0 0
333.0 167.0 0
251.0 110.0 0
163.0 285.0 0
353.0 297.0 0
69.0 210.0 0
161.0 189.0 0
65.0 71.0 0
376.0 49.0 0
282.0 348.0 0
60.0 97.0 0
281.0 42.0 0
424.0 330.0 0
47.0 76.0 0
380.0 7.0 0
54.0 27.0 0
112.0 51.0 0
417.0 305.0 0
53.0 180.0 0
194.0 86.0 0
379.0 326.0 0
94.0 225.0 0
190.0 250.0 0
83.0 40.0 0
303.0 261.0 0
309.0 373.0 0
120.0 351.0 0
317.0 222.0 0
260.0 376.0 0
203.0 354.0 0
345.0 321.0 0
87.0 308.0 0
171.0 58.0 0
207.0 147.0 0
36.0 237.0 0
356.0 137.0 0
398.0 198.0 0
275.0 184.0 0
21.0 182.0 0
295.0 22.0 0
258.0 175.0 0
472.0 338.0 0
365.0 107.0 0
253.0 119.0 0
442.0 185.0 0
346.0 281.0 0
241.0 24.0 0
280.0 5.0 0
447.0 279.0 0
327.0 168.0 0
248.0 249.0 0
447.0 48.0 0
304.0 172.0 0
141.0 152.0 0
13.0 236.0 0
105.0 307.0 0
32.0 320.0 0
283.0 186.0 0
220.0 123.0 0
135.0 353.0 0
186.0 276.0 0
260.0 192.0 0
308.0 246.0 0
281.0 215.0 0
444.0 44.0 0
11.0 50.0 0
336.0 184.0 0
172.0 23.0 0
137.0 285.0 0
125.0 166.0 0
188.0 167.0 0
187.0 120.0 0
274.0 144.0 0
408.0 52.0 0
178.0 211.0 0
402.0 178.0 0
456.0 295.0 0
367.0 46.0 0
482.0 101.0 0
237.0 368.0 0
244.0 111.0 0
215.0 199.0 0
427.0 20.0 0
9.0 67.0 0
368.0 164.0 0
347.0 327.0 0
244.0 118.0 0
455.0 8.0 0
437.0 82.0 0
318.0 136.0 0
446.0 50.0 0
413.0 111.0 0
437.0 51.0 0
131.0 221.0 0
27.0 212.0 0
19.0 49.0 0
184.0 317.0 0
440.0 252.0 0
161.0 191.0 0
468.0 36.0 0
40.0 15.0 0
88.0 134.0 0
31.0 374.0 0
382.0 200.0 0
308.0 227.0 0
122.0 244.0 0
290.0 244.0 0
136.0 356.0 0
171.0 81.0 0
275.0 331.0 0
298.0 54.0 0
267.0 13.0 0
194.0 182.0 0
133.0 211.0 0
310.0 320.0 0
379.0 89.0 0
237.0 2.0 0
58.0 95.0 0
310.0 216.0 0
310.0 24.0 0
246.0 104.0 0
181.0 276.0 0
278.0 235.0 0
431.0 234.0 0
157.0 329.0 0
87.0 198.0 0
232.0 242.0 0
375.0 249.0 0
83.0 125.0 0
70.0 75.0 0
405.0 193.0 0
127.0 316.0 0
301.0 8.0 0
415.0 301.0 0
338.0 203.0 0
78.0 197.0 0
383.0 364.0 0
435.0 322.0 0
397.0 324.0 0
181.0 371.0 0
183.0 106.0 0
26.0 275.0 0
387.0 266.0 0
298.0 248.0 0
446.0 102.0 0
384.0 184.0 0
256.0 51.0 0
281.0 259.0 0
131.0 181.0 0
188.0 229.0 0
205.0 241.0 0
222.0 7.0 0
462.0 375.0 0
340.0 363.0 0
354.0 195.0 0
421.0 369.0 0
225.0 120.0 0
485.0 140.0 0
105.0 16.0 0
49.0 107.0 0
350.0 211.0 0
443.0 176.0 0
3.0 123.0 0
19.0 95.0 0
34.0 217.0 0
156.0 115.0 0
19.0 312.0 0
113.0 284.0 0
455.0 319.0 0
239.0 311.0 0
383.0 332.0 0
68.0 203.0 0
137.0 295.0 0
419.0 176.0 0
131.0 52.0 0
68.0 64.0 0
178.0 243.0 0
260.0 55.0 0
155.0 317.0 0
425.0 244.0 0
190.0 100.0 0
317.0 66.0 0
449.0 157.0 0
331.0 57.0 0
454.0 309.0 0
371.0 244.0 0
243.0 336.0 0
127.0 255.0 0
20.0 251.0 0
306.0 154.0 0
190.0 329.0 0
245.0 344.0 0
45.0 68.0 0
444.0 171.0 0
58.0 167.0 0
217.0 334.0 0
383.0 113.0 0
228.0 259.0 0
1.0 323.0 0
97.0 106.0 0
310.0 38.0 0
73.0 345.0 0
59.0 310.0 0
9.0 216.0 0
176.0 193.0 0
117.0 303.0 0
196.0 281.0 0
336.0 95.0 0
254.0 6.0 0
387.0 321.0 0
159.0 200.0 0
111.0 369.0 0
285.0 49.0 0
381.0 94.0 0
47.0 156.0 0
114.0 8.0 0
50.0 297.0 0
181.0 22.0 0
242.0 281.0 0
445.0 1.0 0
261.0 51.0 0
405.0 232.0 0
106.0 89.0 0
397.0 368.0 0
121.0 233.0 0
309.0 303.0 0
337.0 261.0 0
100.0 59.0 0
423.0 316.0 0
49.0 191.0 0
183.0 180.0 0
93.0 104.0 0
166.0 355.0 0
57.0 132.0 0
246.0 30.0 0
122.0 284.0 0
293.0 279.0 0
461.0 269.0 0
231.0 27.0 0
345.0 247.0 0
372.0 6.0 0
162.0 174.0 0
377.0 199.0 0
405.0 187.0 0
167.0 318.0 0
242.0 71.0 0
257.0 330.0 0
380.0 134.0 0
6.0 326.0 0
50.0 284.0 0
343.0 308.0 0
171.0 102.0 0
443.0 347.0 0
346.0 63.0 0
425.0 309.0 0
92.0 205.0 0
260.0 1.0 0
240.0 72.0 0
17.0 98.0 0
460.0 92.0 0
81.0 253.0 0
132.0 165.0 0
195.0 80.0 0
246.0 1.0 0
246.0 29.0 0
434.0 320.0 0
79.0 146.0 0
308.0 226.0 0
346.0 236.0 0
184.0 34.0 0
240.0 218.0 0
484.0 163.0 0
426.0 188.0 0
175.0 87.0 0
173.0 71.0 0
145.0 374.0 0
306.0 366.0 0
426.0 197.0 0
217.0 186.0 0
338.0 227.0 0
310.0 326.0 0
136.0 27.0 0
15.0 57.0 0
418.0 82.0 0
143.0 47.0 0
122.0 85.0 0
163.0 125.0 0
142.0 182.0 0
49.0 199.0 0
196.0 245.0 0
326.0 33.0 0
252.0 346.0 0
304.0 336.0 0
93.0 11.0 0
268.0 147.0 0
16.0 351.0 0
420.0 207.0 0
86.0 6.0 0
261.0 35.0 0
369.0 309.0 0
7.0 346.0 0
52.0 118.0 0
167.0 117.0 0
67.0 125.0 0
91.0 283.0 0
267.0 258.0 0
372.0 375.0 0
132.0 148.0 0
226.0 351.0 0
26.0 212.0 0
106.0 210.0 0
405.0 366.0 0
298.0 162.0 0
326.0 133.0 0
154.0 58.0 0
449.0 352.0 0
188.0 54.0 0
231.0 125.0 0
234.0 335.0 0
310.0 212.0 0
187.0 150.0 0
149.0 43.0 0
63.0 210.0 0
314.0 11.0 0
429.0 13.0 0
106.0 304.0 0
42.0 208.0 0
444.0 49.0 0
349.0 66.0 0
58.0 346.0 0
216.0 81.0 0
123.0 322.0 0
426.0 92.0 0
58.0 130.0 0
186.0 149.0 0
281.0 117.0 0
25.0 180.0 0
49.0 32.0 0
358.0 250.0 0
267.0 107.0 0
192.0 7.0 0
434.0 222.0 0
480.0 214.0 0
39.0 369.0 0
5.0 49.0 0
316.0 264.0 0
449.0 119.0 0
366.0 171.0 0
469.0 174.0 0
168.0 196.0 0
449.0 191.0 0
114.0 264.0 0
358.0 315.0 0
114.0 212.0 0
340.0 310.0 0
440.0 201.0 0
214.0 22.0 0
21.0 263.0 0
292.0 125.0 0
406.0 19.0 0
310.0 6.0 0
214.0 47.0 0
447.0 195.0 0
80.0 144.0 0
85.0 245.0 0
217.0 218.0 0
210.0 53.0 0
327.0 1.0 0
330.0 185.0 0
266.0 148.0 0
235.0 1.0 0
447.0 65.0 0
379.0 127.0 0
93.0 365.0 0
194.0 253.0 0
175.0 12.0 0
88.0 107.0 0
405.0 295.0 0
201.0 264.0 0
275.0 212.0 0
293.0 265.0 0
307.0 300.0 0
494.0 244.0 0
261.0 232.0 0
268.0 192.0 0
411.0 29.0 0
431.0 3.0 0
259.0 178.0 0
359.0 70.0 0
58.0 274.0 0
90.0 13.0 0
363.0 22.0 0
70.0 279.0 0
341.0 92.0 0
195.0 7.0 0
417.0 374.0 0
94.0 185.0 0
44.0 120.0 0
143.0 153.0 0
94.0 372.0 0
194.0 358.0 0
134.0 20.0 0
426.0 299.0 0
104.0 315.0 0
350.0 195.0 0
471.0 295.0 0
396.0 277.0 0
49.0 122.0 0
436.0 123.0 0
400.0 149.0 0
307.0 201.0 0
196.0 291.0 0
210.0 82.0 0
284.0 190.0 0
441.0 345.0 0
380.0 292.0 0
138.0 271.0 0
20.0 172.0 0
378.0 192.0 0
341.0 52.0 0
489.0 329.0 0
190.0 145.0 0
25.0 144.0 0
28.0 157.0 0
387.0 8.0 0
63.0 341.0 0
92.0 23.0 0
112.0 266.0 0
136.0 13.0 0
438.0 249.0 0
344.0 330.0 0
326.0 224.0 0
409.0 66.0 0
318.0 163.0 0
86.0 158.0 0
167.0 268.0 0
181.0 37.0 0
340.0 84.0 0
488.0 297.0 0
223.0 19.0 0
304.0 32.0 0
346.0 212.0 0
226.0 147.0 0
186.0 349.0 0
392.0 195.0 0
380.0 238.0 0
2.0 69.0 0
299.0 287.0 0
99.0 55.0 0
178.0 289.0 0
209.0 91.0 0
320.0 247.0 0
101.0 226.0 0
244.0 203.0 0
434.0 297.0 0
17.0 181.0 0
91.0 175.0 0
134.0 246.0 0
241.0 203.0 0
200.0 60.0 0
36.0 347.0 0
20.0 227.0 0
160.0 357.0 0
295.0 216.0 0
487.0 62.0 0
168.0 103.0 0
397.0 120.0 0
367.0 332.0 0
426.0 361.0 0
362.0 213.0 0
158.0 374.0 0
49.0 5.0 0
79.0 339.0 0
228.0 203.0 0
378.0 44.0 0
379.0 2.0 0
199.0 373.0 0
356.0 337.0 0
192.0 302.0 0
186.0 131.0 0
190.0 170.0 0
146.0 132.0 0
9.0 171.0 0
98.0 211.0 0
147.0 202.0 0
322.0 239.0 0
246.0 212.0 0
324.0 33.0 0
246.0 301.0 0
289.0 27.0 0
449.0 206.0 0
2.0 27.0 0
383.0 23.0 0
226.0 97.0 0
214.0 335.0 0
412.0 191.0 0
183.0 154.0 0
257.0 315.0 0
459.0 290.0 0
318.0 27.0 0
126.0 34.0 0
475.0 107.0 0
269.0 142.0 0
31.0 353.0 0
374.0 218.0 0
333.0 128.0 0
213.0 143.0 0
380.0 316.0 0
360.0 116.0 0
125.0 57.0 0
150.0 267.0 0
443.0 205.0 0
202.0 362.0 0
222.0 212.0 0
395.0 319.0 0
168.0 157.0 0
157.0 216.0 0
208.0 332.0 0
420.0 285.0 0
266.0 270.0 0
379.0 42.0 0
455.0 44.0 0
494.0 125.0 0
380.0 112.0 0
171.0 330.0 0
56.0 22.0 0
295.0 162.0 0
224.0 107.0 0
251.0 297.0 0
469.0 199.0 0
74.0 340.0 0
50.0 178.0 0
31.0 179.0 0
471.0 92.0 0
352.0 123.0 0
68.0 174.0 0
383.0 145.0 0
306.0 322.0 0
229.0 127.0 0
26.0 138.0 0
253.0 361.0 0
202.0 349.0 0
32.0 292.0 0
271.0 26.0 0
18.0 67.0 0
378.0 237.0 0
131.0 92.0 0
269.0 201.0 0
272.0 293.0 0
414.0 315.0 0
200.0 275.0 0
20.0 18.0 0
385.0 357.0 0
39.0 241.0 0
230.0 307.0 0
377.0 208.0 0
202.0 162.0 0
440.0 119.0 0
126.0 242.0 0
111.0 12.0 0
159.0 78.0 0
172.0 336.0 0
428.0 82.0 0
49.0 20.0 0
318.0 64.0 0
80.0 24.0 0
106.0 169.0 0
212.0 213.0 0
271.0 92.0 0
3.0 322.0 0
30.0 157.0 0
244.0 41.0 0
114.0 249.0 0
382.0 274.0 0
339.0 222.0 0
280.0 66.0 0
83.0 33.0 0
443.0 179.0 0
133.0 360.0 0
189.0 359.0 0
340.0 54.0 0
424.0 275.0 0
273.0 336.0 0
380.0 361.0 0
291.0 327.0 0
216.0 120.0 0
288.0 363.0 0
338.0 68.0 0
240.0 258.0 0
318.0 77.0 0
136.0 53.0 0
261.0 154.0 0
268.0 179.0 0
98.0 206.0 0
115.0 9.0 0
314.0 318.0 0
381.0 347.0 0
338.0 363.0 0
266.0 32.0 0
314.0 14.0 0
374.0 162.0 0
200.0 20.0 0
264.0 260.0 0
444.0 149.0 0
8.0 222.0 0
383.0 277.0 0
397.0 144.0 0
41.0 14.0 0
11.0 245.0 0
338.0 37.0 0
263.0 181.0 0
461.0 79.0 0
1.0 359.0 0
239.0 87.0 0
332.0 239.0 0
249.0 221.0 0
58.0 209.0 0
267.0 360.0 0
210.0 23.0 0
130.0 276.0 0
437.0 32.0 0
155.0 186.0 0
419.0 202.0 0
173.0 281.0 0
114.0 169.0 0
81.0 64.0 0
151.0 231.0 0
349.0 27.0 0
281.0 267.0 0
332.0 12.0 0
452.0 267.0 0
495.0 235.0 0
349.0 116.0 0
345.0 66.0 0
184.0 5.0 0
199.0 303.0 0
273.0 204.0 0
375.0 322.0 0
224.0 35.0 0
28.0 348.0 0
405.0 292.0 0
3.0 364.0 0
304.0 311.0 0
258.0 10.0 0
102.0 122.0 0
305.0 273.0 0
492.0 184.0 0
445.0 189.0 0
45.0 360.0 0
421.0 275.0 0
161.0 216.0 0
331.0 311.0 0
330.0 156.0 0
182.0 181.0 0
158.0 261.0 0
326.0 255.0 0
92.0 211.0 0
399.0 20.0 0
66.0 261.0 0
308.0 63.0 0
131.0 156.0 0
83.0 237.0 0
333.0 335.0 0
165.0 83.0 0
92.0 54.0 0
20.0 74.0 0
11.0 258.0 0
219.0 295.0 0
222.0 207.0 0
426.0 37.0 0
303.0 57.0 0
242.0 251.0 0
276.0 303.0 0
399.0 328.0 0
348.0 93.0 0
42.0 220.0 0
442.0 48.0 0
163.0 169.0 0
59.0 360.0 0
251.0 211.0 0
100.0 138.0 0
31.0 105.0 0
131.0 48.0 0
388.0 168.0 0
370.0 119.0 0
3.0 362.0 0
345.0 23.0 0
118.0 217.0 0
49.0 65.0 0
116.0 301.0 0
30.0 274.0 0
21.0 215.0 0
184.0 76.0 0
263.0 4.0 0
45.0 314.0 0
387.0 236.0 0
491.0 133.0 0
33.0 138.0 0
342.0 364.0 0
31.0 171.0 0
332.0 269.0 0
41.0 48.0 0
289.0 57.0 0
410.0 146.0 0
319.0 224.0 0
201.0 64.0 0
417.0 66.0 0
306.0 140.0 0
221.0 175.0 0
167.0 314.0 0
390.0 53.0 0
49.0 293.0 0
308.0 54.0 0
272.0 361.0 0
102.0 248.0 0
78.0 158.0 0
200.0 67.0 0
183.0 294.0 0
383.0 369.0 0
387.0 76.0 0
495.0 223.0 0
444.0 351.0 0
333.0 329.0 0
364.0 93.0 0
34.0 244.0 0
27.0 340.0 0
379.0 136.0 0
268.0 339.0 0
198.0 310.0 0
299.0 60.0 0
188.0 257.0 0
395.0 199.0 0
159.0 214.0 0
449.0 33.0 0
190.0 191.0 0
255.0 110.0 0
255.0 125.0 0
313.0 187.0 0
484.0 151.0 0
471.0 44.0 0
373.0 64.0 0
9.0 324.0 0
267.0 307.0 0
415.0 300.0 0
169.0 150.0 0
231.0 345.0 0
463.0 321.0 0
39.0 351.0 0
273.0 37.0 0
48.0 241.0 0
109.0 169.0 0
158.0 323.0 0
107.0 79.0 0
274.0 39.0 0
421.0 9.0 0
307.0 355.0 0
489.0 117.0 0
319.0 326.0 0
311.0 178.0 0
119.0 261.0 0
231.0 195.0 0
417.0 125.0 0
80.0 357.0 0
5.0 117.0 0
38.0 55.0 0
180.0 100.0 0
446.0 282.0 0
125.0 150.0 0
41.0 208.0 0
390.0 158.0 0
298.0 325.0 0
339.0 275.0 0
450.0 351.0 0
108.0 282.0 0
417.0 181.0 0
80.0 56.0 0
348.0 214.0 0
255.0 130.0 0
418.0 77.0 0
91.0 1.0 0
492.0 195.0 0
203.0 101.0 0
159.0 307.0 0
138.0 272.0 0
293.0 374.0 0
347.0 132.0 0
124.0 205.0 0
53.0 125.0 0
313.0 338.0 0
494.0 357.0 0
446.0 5.0 0
435.0 247.0 0
306.0 153.0 0
192.0 333.0 0
430.0 16.0 0
393.0 142.0 0
238.0 354.0 0
197.0 313.0 0
268.0 279.0 0
267.0 30.0 0
107.0 235.0 0
189.0 197.0 0
205.0 328.0 0
280.0 120.0 0
255.0 87.0 0
359.0 3.0 0
32.0 326.0 0
293.0 252.0 0
489.0 199.0 0
92.0 5.0 0
211.0 207.0 0
7.0 143.0 0
352.0 61.0 0
162.0 116.0 0
126.0 231.0 0
412.0 332.0 0
103.0 175.0 0
471.0 22.0 0
319.0 53.0 0
117.0 77.0 0
185.0 121.0 0
449.0 9.0 0
117.0 64.0 0
305.0 16.0 0
184.0 282.0 0
272.0 190.0 0
68.0 170.0 0
15.0 43.0 0
374.0 37.0 0
376.0 289.0 0
67.0 174.0 0
382.0 339.0 0
134.0 36.0 0
261.0 240.0 0
490.0 359.0 0
262.0 47.0 0
233.0 297.0 0
449.0 302.0 0
203.0 203.0 0
139.0 126.0 0
367.0 225.0 0
495.0 55.0 0
371.0 296.0 0
167.0 300.0 0
126.0 279.0 0
473.0 28.0 0
423.0 261.0 0
409.0 108.0 0
442.0 281.0 0
19.0 205.0 0
407.0 57.0 0
12.0 276.0 0
208.0 38.0 0
488.0 125.0 0
329.0 186.0 0
198.0 184.0 0
199.0 290.0 0
398.0 137.0 0
111.0 60.0 0
266.0 222.0 0
416.0 177.0 0
164.0 347.0 0
408.0 95.0 0
228.0 269.0 0
113.0 199.0 0
310.0 181.0 0
142.0 367.0 0
271.0 104.0 0
414.0 325.0 0
269.0 274.0 0
137.0 133.0 0
86.0 119.0 0
262.0 219.0 0
64.0 82.0 0
123.0 77.0 0
73.0 299.0 0
254.0 279.0 0
207.0 263.0 0
78.0 306.0 0
27.0 333.0 0
397.0 182.0 0
221.0 138.0 0
373.0 366.0 0
113.0 216.0 0
408.0 271.0 0
310.0 123.0 0
469.0 267.0 0
281.0 132.0 0
444.0 216.0 0
414.0 302.0 0
275.0 44.0 0
258.0 272.0 0
149.0 348.0 0
325.0 170.0 0
447.0 330.0 0
23.0 21.0 0
268.0 138.0 0
57.0 208.0 0
327.0 259.0 0
244.0 162.0 0
27.0 224.0 0
91.0 166.0 0
123.0 348.0 0
191.0 228.0 0
246.0 153.0 0
2.0 75.0 0
273.0 145.0 0
151.0 206.0 0
36.0 214.0 0
389.0 181.0 0
195.0 171.0 0
268.0 203.0 0
460.0 346.0 0
166.0 77.0 0
471.0 229.0 0
377.0 102.0 0
320.0 365.0 0
249.0 295.0 0
484.0 133.0 0
341.0 80.0 0
69.0 54.0 0
391.0 254.0 0
263.0 292.0 0
191.0 125.0 0
140.0 348.0 0
16.0 250.0 0
277.0 338.0 0
38.0 251.0 0
126.0 58.0 0
203.0 355.0 0
47.0 333.0 0
371.0 107.0 0
224.0 8.0 0
259.0 28.0 0
83.0 68.0 0
448.0 241.0 0
347.0 57.0 0
470.0 51.0 0
111.0 355.0 0
343.0 74.0 0
33.0 254.0 0
421.0 293.0 0
338.0 372.0 0
265.0 97.0 0
480.0 41.0 0
442.0 253.0 0
127.0 200.0 0
43.0 142.0 0
175.0 298.0 0
176.0 331.0 0
194.0 155.0 0
167.0 335.0 0
198.0 276.0 0
42.0 254.0 0
361.0 186.0 0
268.0 193.0 0
112.0 121.0 0
446.0 275.0 0
170.0 92.0 0
276.0 20.0 0
345.0 7.0 0
63.0 76.0 0
127.0 334.0 0
220.0 110.0 0
444.0 136.0 0
83.0 370.0 0
122.0 80.0 0
345.0 6.0 0
103.0 206.0 0
248.0 250.0 0
143.0 165.0 0
272.0 104.0 0
123.0 289.0 0
302.0 315.0 0
454.0 264.0 0
411.0 307.0 0
314.0 251.0 0
194.0 100.0 0
54.0 172.0 0
331.0 242.0 0
53.0 30.0 0
184.0 355.0 0
421.0 272.0 0
310.0 40.0 0
216.0 375.0 0
349.0 188.0 0
459.0 65.0 0
441.0 185.0 0
208.0 32.0 0
453.0 157.0 0
476.0 220.0 0
49.0 168.0 0
194.0 338.0 0
169.0 336.0 0
36.0 134.0 0
428.0 59.0 0
416.0 1.0 0
373.0 240.0 0
384.0 166.0 0
309.0 176.0 0
229.0 264.0 0
202.0 185.0 0
11.0 51.0 0
37.0 276.0 0
191.0 312.0 0
421.0 149.0 0
150.0 269.0 0
370.0 98.0 0
208.0 186.0 0
261.0 87.0 0
449.0 213.0 0
123.0 349.0 0
293.0 370.0 0
193.0 349.0 0
453.0 71.0 0
444.0 288.0 0
65.0 143.0 0
112.0 49.0 0
204.0 361.0 0
456.0 148.0 0
57.0 131.0 0
5.0 184.0 0
53.0 94.0 0
346.0 357.0 0
127.0 192.0 0
159.0 126.0 0
53.0 139.0 0
41.0 62.0 0
194.0 303.0 0
360.0 302.0 0
87.0 112.0 0
195.0 27.0 0
25.0 53.0 0
225.0 61.0 0
275.0 32.0 0
443.0 42.0 0
229.0 187.0 0
114.0 220.0 0
425.0 83.0 0
377.0 291.0 0
465.0 247.0 0
159.0 276.0 0
83.0 346.0 0
83.0 298.0 0
244.0 305.0 0
363.0 326.0 0
240.0 36.0 0
401.0 259.0 0
361.0 42.0 0
479.0 373.0 0
314.0 198.0 0
315.0 218.0 0
234.0 210.0 0
293.0 119.0 0
307.0 281.0 0
141.0 287.0 0
151.0 271.0 0
148.0 163.0 0
340.0 156.0 0
145.0 132.0 0
272.0 230.0 0
148.0 37.0 0
334.0 358.0 0
58.0 158.0 0
333.0 60.0 0
65.0 62.0 0
168.0 273.0 0
113.0 230.0 0
76.0 146.0 0
487.0 301.0 0
407.0 310.0 0
260.0 168.0 0
410.0 271.0 0
124.0 82.0 0
79.0 21.0 0
126.0 99.0 0
50.0 119.0 0
150.0 103.0 0
367.0 357.0 0
413.0 370.0 0
2.0 235.0 0
297.0 93.0 0
76.0 69.0 0
26.0 11.0 0
4.0 172.0 0
332.0 63.0 0
265.0 332.0 0
329.0 164.0 0
58.0 247.0 0
346.0 237.0 0
124.0 186.0 0
201.0 211.0 0
376.0 106.0 0
145.0 335.0 0
337.0 232.0 0
82.0 354.0 0
367.0 277.0 0
400.0 160.0 0
460.0 356.0 0
60.0 213.0 0
311.0 97.0 0
111.0 182.0 0
180.0 23.0 0
349.0 97.0 0
189.0 26.0 0
357.0 62.0 0
333.0 153.0 0
364.0 243.0 0
26.0 161.0 0
469.0 183.0 0
170.0 312.0 0
434.0 367.0 0
231.0 41.0 0
156.0 248.0 0
151.0 87.0 0
495.0 329.0 0
127.0 245.0 0
111.0 314.0 0
446.0 23.0 0
187.0 339.0 0
24.0 208.0 0
265.0 343.0 0
484.0 260.0 0
133.0 143.0 0
316.0 299.0 0
316.0 310.0 0
407.0 105.0 0
260.0 269.0 0
495.0 127.0 0
53.0 246.0 0
58.0 60.0 0
426.0 122.0 0
380.0 80.0 0
32.0 315.0 0
241.0 32.0 0
271.0 313.0 0
89.0 85.0 0
160.0 89.0 0
269.0 132.0 0
381.0 239.0 0
124.0 166.0 0
413.0 150.0 0
45.0 368.0 0
135.0 263.0 0
480.0 152.0 0
486.0 45.0 0
104.0 157.0 0
88.0 336.0 0
236.0 57.0 0
41.0 318.0 0
176.0 168.0 0
248.0 147.0 0
345.0 264.0 0
319.0 163.0 0
273.0 154.0 0
337.0 170.0 0
475.0 98.0 0
68.0 220.0 0
259.0 157.0 0
101.0 133.0 0
337.0 123.0 0
209.0 59.0 0
119.0 323.0 0
441.0 88.0 0
373.0 60.0 0
311.0 151.0 0
67.0 10.0 0
387.0 356.0 0
185.0 116.0 0
338.0 49.0 0
258.0 45.0 0
168.0 328.0 0
481.0 358.0 0
255.0 271.0 0
333.0 99.0 0
306.0 323.0 0
231.0 13.0 0
48.0 15.0 0
396.0 55.0 0
307.0 356.0 0
109.0 194.0 0
203.0 270.0 0
55.0 86.0 0
343.0 70.0 0
331.0 17.0 0
281.0 320.0 0
178.0 318.0 0
15.0 323.0 0
201.0 13.0 0
165.0 87.0 0
129.0 343.0 0
223.0 181.0 0
239.0 276.0 0
51.0 47.0 0
413.0 310.0 0
148.0 137.0 0
205.0 266.0 0
330.0 305.0 0
234.0 346.0 0
327.0 279.0 0
30.0 302.0 0
236.0 286.0 0
378.0 209.0 0
134.0 129.0 0
99.0 3.0 0
245.0 96.0 0
337.0 104.0 0
234.0 24.0 0
109.0 198.0 0
293.0 155.0 0
276.0 86.0 0
240.0 85.0 0
341.0 218.0 0
410.0 173.0 0
463.0 119.0 0
103.0 98.0 0
444.0 345.0 0
113.0 14.0 0
367.0 344.0 0
74.0 32.0 0
148.0 298.0 0
442.0 33.0 0
388.0 175.0 0
70.0 371.0 0
197.0 62.0 0
19.0 255.0 0
324.0 86.0 0
245.0 366.0 0
239.0 281.0 0
416.0 141.0 0
379.0 6.0 0
334.0 174.0 0
152.0 352.0 0
31.0 288.0 0
108.0 85.0 0
402.0 237.0 0
320.0 297.0 0
241.0 267.0 0
113.0 318.0 0
185.0 156.0 0
341.0 280.0 0
117.0 275.0 0
481.0 343.0 0
428.0 303.0 0
79.0 211.0 0
146.0 256.0 0
129.0 87.0 0
173.0 152.0 0
240.0 330.0 0
82.0 54.0 0
183.0 150.0 0
18.0 375.0 0
410.0 157.0 0
406.0 256.0 0
231.0 148.0 0
107.0 283.0 0
229.0 360.0 0
482.0 375.0 0
172.0 313.0 0
137.0 173.0 0
261.0 134.0 0
397.0 332.0 0
334.0 236.0 0
259.0 368.0 0
43.0 256.0 0
289.0 26.0 0
400.0 46.0 0
24.0 85.0 0
394.0 221.0 0
275.0 23.0 0
229.0 149.0 0
11.0 65.0 0
183.0 109.0 0
413.0 143.0 0
144.0 195.0 0
269.0 37.0 0
158.0 276.0 0
41.0 84.0 0
491.0 279.0 0
338.0 173.0 0
306.0 9.0 0
180.0 366.0 0
292.0 293.0 0
102.0 179.0 0
15.0 154.0 0
255.0 63.0 0
58.0 2.0 0
405.0 353.0 0
235.0 217.0 0
109.0 186.0 0
268.0 329.0 0
183.0 196.0 0
419.0 58.0 0
392.0 144.0 0
271.0 172.0 0
115.0 59.0 0
180.0 232.0 0
194.0 301.0 0
26.0 296.0 0
314.0 239.0 0
80.0 211.0 0
129.0 307.0 0
428.0 36.0 0
98.0 29.0 0
387.0 95.0 0
316.0 239.0 0
149.0 227.0 0
259.0 274.0 0
140.0 77.0 0
197.0 55.0 0
306.0 179.0 0
116.0 362.0 0
336.0 262.0 0
57.0 293.0 0
348.0 126.0 0
74.0 223.0 0
151.0 139.0 0
115.0 24.0 0
349.0 17.0 0
320.0 157.0 0
348.0 345.0 0
230.0 58.0 0
362.0 183.0 0
15.0 179.0 0
161.0 236.0 0
319.0 178.0 0
198.0 314.0 0
33.0 322.0 0
87.0 87.0 0
173.0 313.0 0
207.0 257.0 0
435.0 329.0 0
116.0 274.0 0
271.0 247.0 0
275.0 221.0 0
116.0 302.0 0
234.0 120.0 0
128.0 62.0 0
175.0 144.0 0
96.0 113.0 0
401.0 8.0 0
150.0 133.0 0
266.0 275.0 0
151.0 214.0 0
314.0 3.0 0
367.0 261.0 0
437.0 119.0 0
349.0 256.0 0
436.0 321.0 0
50.0 175.0 0
191.0 271.0 0
167.0 108.0 0
116.0 292.0 0
116.0 322.0 0
274.0 164.0 0
222.0 248.0 0
245.0 364.0 0
89.0 65.0 0
119.0 313.0 0
21.0 176.0 0
151.0 229.0 0
413.0 104.0 0
58.0 243.0 0
139.0 283.0 0
276.0 365.0 0
268.0 186.0 0
397.0 291.0 0
281.0 333.0 0
429.0 72.0 0
248.0 211.0 0
133.0 53.0 0
3.0 255.0 0
224.0 287.0 0
174.0 373.0 0
404.0 347.0 0
314.0 99.0 0
266.0 317.0 0
95.0 179.0 0
442.0 285.0 0
3.0 365.0 0
40.0 144.0 0
381.0 355.0 0
282.0 162.0 0
468.0 47.0 0
293.0 150.0 0
128.0 313.0 0
136.0 137.0 0
109.0 371.0 0
114.0 9.0 0
141.0 296.0 0
20.0 157.0 0
21.0 270.0 0
160.0 320.0 0
72.0 319.0 0
383.0 105.0 0
441.0 126.0 0
138.0 188.0 0
310.0 133.0 0
109.0 70.0 0
323.0 175.0 0
36.0 64.0 0
300.0 264.0 0
492.0 304.0 0
202.0 376.0 0
239.0 375.0 0
441.0 61.0 0
275.0 186.0 0
245.0 277.0 0
414.0 101.0 0
417.0 224.0 0
113.0 128.0 0
276.0 141.0 0
461.0 321.0 0
415.0 92.0 0
207.0 42.0 0
413.0 256.0 0
65.0 34.0 0
362.0 320.0 0
357.0 188.0 0
305.0 195.0 0
20.0 158.0 0
123.0 329.0 0
167.0 134.0 0
192.0 56.0 0
89.0 67.0 0
51.0 205.0 0
210.0 321.0 0
195.0 352.0 0
425.0 37.0 0
251.0 237.0 0
299.0 167.0 0
23.0 98.0 0
164.0 108.0 0
222.0 58.0 0
281.0 158.0 0
441.0 205.0 0
236.0 350.0 0
408.0 77.0 0
403.0 4.0 0
70.0 31.0 0
84.0 29.0 0
201.0 354.0 0
406.0 5.0 0
302.0 10.0 0
140.0 271.0 0
52.0 33.0 0
177.0 166.0 0
100.0 38.0 0
316.0 252.0 0
253.0 243.0 0
100.0 210.0 0
156.0 104.0 0
135.0 230.0 0
407.0 309.0 0
382.0 310.0 0
456.0 147.0 0
268.0 375.0 0
57.0 30.0 0
111.0 36.0 0
124.0 291.0 0
260.0 282.0 0
380.0 351.0 0
442.0 16.0 0
381.0 10.0 0
147.0 103.0 0
447.0 305.0 0
95.0 239.0 0
405.0 94.0 0
317.0 282.0 0
133.0 35.0 0
172.0 138.0 0
475.0 222.0 0
59.0 56.0 0
317.0 98.0 0
330.0 9.0 0
345.0 326.0 0
164.0 83.0 0
405.0 161.0 0
182.0 198.0 0
411.0 232.0 0
495.0 153.0 0
410.0 189.0 0
362.0 306.0 0
82.0 358.0 0
398.0 53.0 0
336.0 253.0 0
123.0 15.0 0
337.0 289.0 0
6.0 244.0 0
421.0 210.0 0
72.0 362.0 0
308.0 220.0 0
250.0 131.0 0
69.0 320.0 0
487.0 304.0 0
34.0 280.0 0
141.0 376.0 0
49.0 127.0 0
39.0 192.0 0
265.0 273.0 0
51.0 122.0 0
89.0 268.0 0
290.0 208.0 0
415.0 298.0 0
115.0 73.0 0
21.0 302.0 0
109.0 185.0 0
23.0 348.0 0
95.0 112.0 0
260.0 312.0 0
374.0 124.0 0
57.0 281.0 0
202.0 360.0 0
338.0 53.0 0
314.0 356.0 0
356.0 11.0 0
147.0 102.0 0
213.0 199.0 0
437.0 63.0 0
129.0 231.0 0
294.0 95.0 0
115.0 261.0 0
331.0 286.0 0
53.0 309.0 0
255.0 307.0 0
122.0 321.0 0
273.0 250.0 0
203.0 305.0 0
33.0 317.0 0
410.0 293.0 0
53.0 320.0 0
337.0 252.0 0
279.0 214.0 0
185.0 338.0 0
16.0 338.0 0
330.0 195.0 0
318.0 109.0 0
148.0 43.0 0
68.0 325.0 0
468.0 183.0 0
112.0 250.0 0
79.0 197.0 0
260.0 283.0 0
166.0 242.0 0
97.0 133.0 0
442.0 143.0 0
165.0 340.0 0
405.0 304.0 0
38.0 144.0 0
419.0 367.0 0
313.0 227.0 0
26.0 257.0 0
337.0 361.0 0
239.0 179.0 0
420.0 358.0 0
23.0 36.0 0
196.0 66.0 0
178.0 275.0 0
164.0 107.0 0
160.0 272.0 0
395.0 288.0 0
158.0 214.0 0
147.0 273.0 0
58.0 197.0 0
380.0 204.0 0
260.0 6.0 0
364.0 255.0 0
158.0 370.0 0
94.0 165.0 0
60.0 347.0 0
114.0 60.0 0
95.0 350.0 0
263.0 63.0 0
382.0 194.0 0
374.0 255.0 0
106.0 212.0 0
214.0 226.0 0
328.0 178.0 0
355.0 300.0 0
243.0 207.0 0
28.0 5.0 0
203.0 360.0 0
435.0 346.0 0
175.0 375.0 0
349.0 121.0 0
266.0 233.0 0
256.0 10.0 0
305.0 155.0 0
378.0 310.0 0
178.0 184.0 0
30.0 242.0 0
202.0 101.0 0
262.0 255.0 0
315.0 336.0 0
471.0 289.0 0
253.0 263.0 0
168.0 48.0 0
349.0 214.0 0
79.0 244.0 0
79.0 279.0 0
195.0 13.0 0
301.0 323.0 0
202.0 30.0 0
478.0 265.0 0
160.0 293.0 0
330.0 97.0 0
98.0 198.0 0
461.0 359.0 0
464.0 281.0 0
51.0 208.0 0
143.0 375.0 0
93.0 73.0 0
82.0 217.0 0
453.0 11.0 0
327.0 150.0 0
408.0 48.0 0
214.0 144.0 0
374.0 200.0 0
212.0 342.0 0
58.0 240.0 0
159.0 43.0 0
74.0 269.0 0
4.0 128.0 0
269.0 227.0 0
365.0 28.0 0
241.0 298.0 0
383.0 191.0 0
415.0 279.0 0
150.0 109.0 0
247.0 35.0 0
241.0 188.0 0
209.0 301.0 0
153.0 302.0 0
309.0 143.0 0
214.0 296.0 0
104.0 326.0 0
13.0 67.0 0
29.0 32.0 0
341.0 256.0 0
330.0 285.0 0
440.0 285.0 0
451.0 156.0 0
219.0 34.0 0
113.0 271.0 0
466.0 242.0 0
213.0 309.0 0
90.0 103.0 0
413.0 302.0 0
195.0 337.0 0
196.0 175.0 0
87.0 11.0 0
339.0 305.0 0
476.0 279.0 0
14.0 178.0 0
427.0 12.0 0
333.0 73.0 0
210.0 164.0 0
443.0 252.0 0
275.0 192.0 0
449.0 71.0 0
67.0 147.0 0
268.0 224.0 0
269.0 353.0 0
94.0 234.0 0
51.0 110.0 0
421.0 230.0 0
237.0 69.0 0
461.0 275.0 0
483.0 183.0 0
192.0 165.0 0
286.0 122.0 0
152.0 116.0 0
368.0 279.0 0
52.0 284.0 0
414.0 286.0 0
143.0 181.0 0
92.0 170.0 0
178.0 95.0 0
383.0 231.0 0
268.0 133.0 0
57.0 8.0 0
361.0 227.0 0
163.0 88.0 0
17.0 315.0 0
34.0 205.0 0
18.0 293.0 0
341.0 282.0 0
35.0 290.0 0
15.0 226.0 0
362.0 151.0 0
324.0 118.0 0
155.0 19.0 0
280.0 62.0 0
410.0 325.0 0
128.0 269.0 0
137.0 198.0 0
22.0 295.0 0
115.0 373.0 0
145.0 34.0 0
192.0 259.0 0
114.0 153.0 0
422.0 157.0 0
125.0 38.0 0
241.0 365.0 0
281.0 164.0 0
124.0 150.0 0
61.0 4.0 0
457.0 28.0 0
287.0 101.0 0
209.0 208.0 0
61.0 326.0 0
190.0 296.0 0
462.0 360.0 0
45.0 193.0 0
38.0 158.0 0
34.0 375.0 0
395.0 164.0 0
423.0 311.0 0
335.0 41.0 0
282.0 253.0 0
284.0 350.0 0
117.0 48.0 0
130.0 220.0 0
440.0 216.0 0
232.0 330.0 0
444.0 341.0 0
79.0 79.0 0
217.0 248.0 0
59.0 365.0 0
203.0 51.0 0
336.0 41.0 0
94.0 317.0 0
92.0 366.0 0
58.0 325.0 0
235.0 298.0 0
340.0 322.0 0
140.0 304.0 0
313.0 20.0 0
113.0 292.0 0
57.0 231.0 0
302.0 101.0 0
168.0 143.0 0
462.0 369.0 0
4.0 208.0 0
122.0 122.0 0
364.0 293.0 0
116.0 36.0 0
252.0 71.0 0
477.0 72.0 0
156.0 310.0 0
53.0 120.0 0
404.0 62.0 0
482.0 40.0 0
167.0 153.0 0
232.0 60.0 0
128.0 44.0 0
453.0 340.0 0
414.0 327.0 0
143.0 368.0 0
260.0 64.0 0
278.0 125.0 0
242.0 225.0 0
442.0 268.0 0
428.0 195.0 0
442.0 357.0 0
470.0 124.0 0
201.0 107.0 0
282.0 361.0 0
189.0 321.0 0
474.0 55.0 0
104.0 80.0 0
93.0 218.0 0
316.0 228.0 0
242.0 38.0 0
21.0 351.0 0
178.0 208.0 0
488.0 171.0 0
203.0 365.0 0
310.0 170.0 0
90.0 41.0 0
225.0 92.0 0
32.0 363.0 0
160.0 198.0 0
296.0 210.0 0
251.0 208.0 0
243.0 247.0 0
399.0 307.0 0
259.0 314.0 0
41.0 288.0 0
363.0 246.0 0
148.0 273.0 0
114.0 81.0 0
144.0 101.0 0
78.0 29.0 0
215.0 278.0 0
94.0 33.0 0
247.0 210.0 0
188.0 82.0 0
27.0 17.0 0
246.0 360.0 0
161.0 83.0 0
365.0 111.0 0
113.0 240.0 0
241.0 170.0 0
487.0 358.0 0
327.0 44.0 0
259.0 64.0 0
3.0 81.0 0
80.0 34.0 0
190.0 46.0 0
117.0 12.0 0
70.0 169.0 0
122.0 349.0 0
73.0 32.0 0
52.0 227.0 0
150.0 241.0 0
341.0 157.0 0
141.0 58.0 0
263.0 252.0 0
131.0 329.0 0
136.0 325.0 0
297.0 55.0 0
392.0 238.0 0
305.0 107.0 0
64.0 107.0 0
357.0 56.0 0
334.0 134.0 0
455.0 84.0 0
238.0 47.0 0
285.0 12.0 0
92.0 62.0 0
94.0 230.0 0
234.0 164.0 0
95.0 116.0 0
193.0 290.0 0
52.0 51.0 0
30.0 84.0 0
412.0 105.0 0
15.0 309.0 0
276.0 220.0 0
44.0 186.0 0
203.0 14.0 0
318.0 164.0 0
127.0 265.0 0
442.0 241.0 0
307.0 195.0 0
444.0 240.0 0
113.0 361.0 0
457.0 252.0 0
409.0 100.0 0
227.0 23.0 0
60.0 272.0 0
33.0 353.0 0
294.0 14.0 0
25.0 263.0 0
50.0 42.0 0
235.0 370.0 0
332.0 309.0 0
161.0 194.0 0
314.0 58.0 0
14.0 283.0 0
181.0 271.0 0
45.0 11.0 0
95.0 189.0 0
115.0 19.0 0
400.0 222.0 0
141.0 13.0 0
116.0 82.0 0
29.0 110.0 0
380.0 28.0 0
58.0 371.0 0
143.0 91.0 0
408.0 336.0 0
268.0 48.0 0
465.0 185.0 0
151.0 254.0 0
443.0 211.0 0
344.0 44.0 0
8.0 316.0 0
360.0 12.0 0
341.0 11.0 0
1.0 291.0 0
307.0 375.0 0
187.0 318.0 0
281.0 114.0 0
180.0 375.0 0
349.0 57.0 0
474.0 57.0 0
340.0 175.0 0
255.0 128.0 0
408.0 164.0 0
414.0 145.0 0
176.0 21.0 0
260.0 346.0 0
412.0 62.0 0
240.0 242.0 0
81.0 242.0 0
336.0 26.0 0
92.0 314.0 0
337.0 180.0 0
216.0 287.0 0
187.0 127.0 0
12.0 283.0 0
5.0 89.0 0
284.0 3.0 0
142.0 133.0 0
228.0 272.0 0
318.0 185.0 0
141.0 305.0 0
186.0 10.0 0
18.0 350.0 0
308.0 158.0 0
92.0 61.0 0
415.0 59.0 0
12.0 244.0 0
197.0 310.0 0
290.0 245.0 0
370.0 34.0 0
142.0 64.0 0
444.0 54.0 0
178.0 112.0 0
161.0 95.0 0
177.0 231.0 0
32.0 302.0 0
450.0 7.0 0
323.0 173.0 0
450.0 68.0 0
163.0 208.0 0
269.0 112.0 0
20.0 108.0 0
170.0 29.0 0
254.0 331.0 0
87.0 159.0 0
151.0 291.0 0
490.0 162.0 0
252.0 209.0 0
306.0 163.0 0
118.0 76.0 0
33.0 64.0 0
447.0 300.0 0
229.0 259.0 0
213.0 21.0 0
101.0 267.0 0
476.0 373.0 0
288.0 232.0 0
98.0 167.0 0
360.0 279.0 0
397.0 351.0 0
223.0 44.0 0
437.0 304.0 0
327.0 9.0 0
305.0 366.0 0
253.0 309.0 0
341.0 261.0 0
383.0 142.0 0
241.0 272.0 0
124.0 40.0 0
184.0 241.0 0
187.0 361.0 0
6.0 76.0 0
210.0 227.0 0
70.0 191.0 0
123.0 82.0 0
305.0 321.0 0
367.0 285.0 0
374.0 258.0 0
22.0 213.0 0
268.0 141.0 0
150.0 349.0 0
121.0 366.0 0
305.0 264.0 0
331.0 252.0 0
269.0 308.0 0
362.0 335.0 0
171.0 294.0 0
418.0 358.0 0
245.0 330.0 0
421.0 329.0 0
204.0 322.0 0
444.0 357.0 0
15.0 53.0 0
132.0 271.0 0
222.0 122.0 0
184.0 102.0 0
255.0 206.0 0
93.0 34.0 0
82.0 239.0 0
270.0 51.0 0
165.0 356.0 0
147.0 87.0 0
299.0 41.0 0
42.0 4.0 0
23.0 210.0 0
203.0 127.0 0
273.0 130.0 0
317.0 250.0 0
121.0 247.0 0
132.0 150.0 0
26.0 222.0 0
92.0 351.0 0
196.0 127.0 0
143.0 329.0 0
374.0 351.0 0
364.0 252.0 0
446.0 355.0 0
10.0 167.0 0
268.0 161.0 0
328.0 116.0 0
139.0 311.0 0
449.0 116.0 0
257.0 142.0 0
287.0 31.0 0
414.0 108.0 0
239.0 25.0 0
484.0 263.0 0
246.0 103.0 0
267.0 236.0 0
92.0 359.0 0
218.0 113.0 0
367.0 71.0 0
150.0 6.0 0
442.0 259.0 0
125.0 271.0 0
331.0 38.0 0
93.0 61.0 0
288.0 262.0 0
391.0 93.0 0
189.0 332.0 0
139.0 127.0 0
229.0 252.0 0
98.0 214.0 0
266.0 212.0 0
259.0 284.0 0
47.0 303.0 0
486.0 110.0 0
184.0 147.0 0
17.0 247.0 0
155.0 149.0 0
19.0 260.0 0
426.0 281.0 0
240.0 126.0 0
225.0 52.0 0
246.0 72.0 0
410.0 1.0 0
246.0 314.0 0
230.0 132.0 0
336.0 206.0 0
59.0 297.0 0
192.0 128.0 0
122.0 20.0 0
123.0 351.0 0
457.0 287.0 0
261.0 26.0 0
446.0 195.0 0
449.0 8.0 0
132.0 317.0 0
185.0 245.0 0
188.0 40.0 0
350.0 164.0 0
313.0 83.0 0
416.0 158.0 0
426.0 176.0 0
456.0 263.0 0
495.0 152.0 0
415.0 157.0 0
327.0 212.0 0
202.0 152.0 0
171.0 40.0 0
427.0 123.0 0
306.0 116.0 0
326.0 158.0 0
2.0 145.0 0
199.0 65.0 0
251.0 265.0 0
193.0 303.0 0
36.0 35.0 0
280.0 167.0 0
98.0 38.0 0
300.0 153.0 0
262.0 271.0 0
265.0 261.0 0
366.0 195.0 0
188.0 221.0 0
349.0 336.0 0
449.0 82.0 0
341.0 255.0 0
47.0 297.0 0
193.0 253.0 0
142.0 218.0 0
26.0 312.0 0
77.0 333.0 0
358.0 237.0 0
192.0 237.0 0
348.0 115.0 0
143.0 352.0 0
29.0 310.0 0
464.0 167.0 0
386.0 269.0 0
132.0 302.0 0
111.0 103.0 0
413.0 192.0 0
311.0 37.0 0
45.0 169.0 0
393.0 228.0 0
57.0 78.0 0
241.0 30.0 0
129.0 74.0 0
190.0 86.0 0
74.0 320.0 0
365.0 47.0 0
6.0 356.0 0
229.0 238.0 0
448.0 13.0 0
274.0 311.0 0
317.0 311.0 0
300.0 114.0 0
372.0 312.0 0
158.0 327.0 0
257.0 213.0 0
447.0 311.0 0
151.0 319.0 0
325.0 240.0 0
95.0 11.0 0
112.0 265.0 0
290.0 95.0 0
176.0 263.0 0
273.0 278.0 0
453.0 98.0 0
232.0 144.0 0
358.0 242.0 0
20.0 216.0 0
75.0 12.0 0
446.0 73.0 0
361.0 335.0 0
379.0 195.0 0
95.0 138.0 0
474.0 207.0 0
358.0 265.0 0
441.0 18.0 0
172.0 4.0 0
310.0 254.0 0
424.0 297.0 0
415.0 220.0 0
97.0 311.0 0
172.0 56.0 0
494.0 221.0 0
447.0 71.0 0
200.0 86.0 0
134.0 183.0 0
306.0 87.0 0
364.0 245.0 0
258.0 316.0 0
212.0 34.0 0
343.0 310.0 0
412.0 360.0 0
254.0 32.0 0
325.0 102.0 0
7.0 150.0 0
233.0 159.0 0
156.0 276.0 0
12.0 153.0 0
27.0 218.0 0
116.0 153.0 0
195.0 321.0 0
92.0 313.0 0
365.0 150.0 0
15.0 375.0 0
247.0 309.0 0
129.0 220.0 0
158.0 303.0 0
30.0 357.0 0
175.0 368.0 0
314.0 40.0 0
458.0 181.0 0
130.0 199.0 0
423.0 16.0 0
443.0 350.0 0
427.0 223.0 0
462.0 294.0 0
243.0 360.0 0
196.0 322.0 0
399.0 95.0 0
330.0 117.0 0
174.0 302.0 0
115.0 176.0 0
175.0 127.0 0
495.0 141.0 0
257.0 126.0 0
93.0 248.0 0
401.0 206.0 0
362.0 62.0 0
461.0 6.0 0
311.0 32.0 0
3.0 85.0 0
341.0 42.0 0
131.0 368.0 0
268.0 201.0 0
119.0 74.0 0
455.0 342.0 0
106.0 195.0 0
164.0 48.0 0
394.0 260.0 0
404.0 20.0 0
91.0 204.0 0
333.0 26.0 0
364.0 98.0 0
134.0 351.0 0
177.0 227.0 0
157.0 157.0 0
195.0 16.0 0
24.0 37.0 0
155.0 64.0 0
84.0 144.0 0
425.0 315.0 0
180.0 12.0 0
76.0 19.0 0
4.0 26.0 0
168.0 248.0 0
278.0 90.0 0
226.0 249.0 0
413.0 43.0 0
214.0 46.0 0
448.0 224.0 0
396.0 167.0 0
346.0 189.0 0
202.0 138.0 0
405.0 38.0 0
267.0 338.0 0
48.0 332.0 0
472.0 3.0 0
182.0 210.0 0
58.0 106.0 0
274.0 287.0 0
463.0 134.0 0
426.0 119.0 0
49.0 7.0 0
310.0 13.0 0
345.0 144.0 0
72.0 129.0 0
413.0 71.0 0
102.0 366.0 0
40.0 37.0 0
179.0 59.0 0
333.0 8.0 0
180.0 290.0 0
280.0 235.0 0
300.0 249.0 0
345.0 89.0 0
228.0 38.0 0
330.0 343.0 0
255.0 76.0 0
91.0 132.0 0
413.0 281.0 0
83.0 102.0 0
186.0 303.0 0
427.0 125.0 0
471.0 37.0 0
154.0 268.0 0
258.0 184.0 0
113.0 42.0 0
87.0 169.0 0
316.0 354.0 0
390.0 342.0 0
295.0 12.0 0
81.0 151.0 0
375.0 244.0 0
384.0 216.0 0
135.0 364.0 0
357.0 265.0 0
342.0 287.0 0
298.0 6.0 0
362.0 264.0 0
336.0 302.0 0
12.0 105.0 0
202.0 260.0 0
71.0 126.0 0
76.0 71.0 0
257.0 59.0 0
370.0 300.0 0
321.0 165.0 0
305.0 156.0 0
181.0 58.0 0
49.0 48.0 0
410.0 321.0 0
188.0 251.0 0
389.0 44.0 0
213.0 37.0 0
144.0 355.0 0
462.0 352.0 0
377.0 220.0 0
121.0 138.0 0
178.0 188.0 0
4.0 235.0 0
280.0 81.0 0
201.0 197.0 0
456.0 191.0 0
148.0 213.0 0
135.0 49.0 0
294.0 174.0 0
50.0 101.0 0
153.0 133.0 0
448.0 355.0 0
113.0 33.0 0
340.0 178.0 0
433.0 236.0 0
84.0 43.0 0
350.0 346.0 0
95.0 313.0 0
356.0 242.0 0
180.0 317.0 0
115.0 348.0 0
89.0 49.0 0
339.0 186.0 0
333.0 321.0 0
479.0 243.0 0
83.0 186.0 0
85.0 237.0 0
107.0 210.0 0
446.0 232.0 0
310.0 241.0 0
86.0 106.0 0
83.0 24.0 0
46.0 167.0 0
239.0 307.0 0
70.0 6.0 0
234.0 254.0 0
350.0 213.0 0
347.0 276.0 0
338.0 120.0 0
458.0 251.0 0
409.0 164.0 0
178.0 260.0 0
5.0 12.0 0
392.0 211.0 0
2.0 317.0 0
286.0 255.0 0
58.0 367.0 0
219.0 125.0 0
159.0 118.0 0
4.0 216.0 0
63.0 309.0 0
39.0 314.0 0
367.0 149.0 0
44.0 34.0 0
27.0 58.0 0
411.0 282.0 0
449.0 75.0 0
287.0 213.0 0
495.0 147.0 0
20.0 209.0 0
379.0 261.0 0
267.0 106.0 0
11.0 165.0 0
269.0 269.0 0
104.0 145.0 0
241.0 66.0 0
355.0 97.0 0
353.0 237.0 0
168.0 293.0 0
379.0 216.0 0
146.0 147.0 0
407.0 212.0 0
330.0 80.0 0
142.0 275.0 0
461.0 210.0 0
415.0 16.0 0
119.0 185.0 0
265.0 20.0 0
57.0 317.0 0
440.0 248.0 0
160.0 84.0 0
317.0 370.0 0
41.0 182.0 0
408.0 39.0 0
371.0 351.0 0
290.0 255.0 0
57.0 23.0 0
151.0 128.0 0
415.0 49.0 0
470.0 245.0 0
94.0 204.0 0
387.0 101.0 0
441.0 319.0 0
121.0 290.0 0
191.0 331.0 0
338.0 1.0 0
94.0 196.0 0
207.0 69.0 0
287.0 61.0 0
364.0 366.0 0
109.0 325.0 0
307.0 211.0 0
413.0 159.0 0
179.0 238.0 0
27.0 229.0 0
113.0 297.0 0
13.0 58.0 0
8.0 64.0 0
447.0 159.0 0
98.0 356.0 0
358.0 121.0 0
255.0 133.0 0
387.0 127.0 0
101.0 53.0 0
338.0 159.0 0
244.0 279.0 0
83.0 132.0 0
447.0 137.0 0
411.0 294.0 0
434.0 298.0 0
443.0 27.0 0
365.0 121.0 0
203.0 46.0 0
349.0 299.0 0
192.0 363.0 0
316.0 7.0 0
190.0 213.0 0
263.0 218.0 0
416.0 6.0 0
135.0 4.0 0
250.0 15.0 0
305.0 87.0 0
85.0 180.0 0
190.0 297.0 0
72.0 16.0 0
27.0 314.0 0
476.0 43.0 0
476.0 194.0 0
217.0 307.0 0
132.0 267.0 0
320.0 327.0 0
214.0 304.0 0
196.0 260.0 0
345.0 219.0 0
185.0 217.0 0
345.0 115.0 0
105.0 55.0 0
244.0 142.0 0
196.0 46.0 0
51.0 15.0 0
66.0 144.0 0
210.0 276.0 0
73.0 185.0 0
465.0 215.0 0
157.0 43.0 0
140.0 194.0 0
183.0 351.0 0
272.0 308.0 0
439.0 107.0 0
362.0 84.0 0
471.0 249.0 0
131.0 340.0 0
420.0 150.0 0
427.0 212.0 0
224.0 181.0 0
232.0 281.0 0
126.0 185.0 0
360.0 185.0 0
472.0 96.0 0
204.0 222.0 0
197.0 50.0 0
54.0 127.0 0
437.0 138.0 0
185.0 85.0 0
87.0 325.0 0
111.0 98.0 0
145.0 150.0 0
417.0 222.0 0
164.0 212.0 0
317.0 319.0 0
12.0 66.0 0
134.0 308.0 0
460.0 22.0 0
478.0 220.0 0
364.0 324.0 0
181.0 314.0 0
3.0 74.0 0
336.0 145.0 0
363.0 347.0 0
413.0 375.0 0
422.0 71.0 0
328.0 332.0 0
277.0 185.0 0
227.0 298.0 0
129.0 376.0 0
338.0 123.0 0
37.0 290.0 0
234.0 8.0 0
448.0 5.0 0
142.0 173.0 0
194.0 188.0 0
412.0 234.0 0
4.0 356.0 0
63.0 240.0 0
358.0 30.0 0
1.0 259.0 0
313.0 126.0 0
113.0 329.0 0
407.0 116.0 0
447.0 39.0 0
77.0 346.0 0
111.0 210.0 0
382.0 60.0 0
259.0 90.0 0
19.0 167.0 0
121.0 333.0 0
185.0 255.0 0
302.0 33.0 0
293.0 223.0 0
6.0 298.0 0
163.0 346.0 0
53.0 303.0 0
127.0 130.0 0
258.0 304.0 0
346.0 7.0 0
308.0 349.0 0
364.0 127.0 0
427.0 50.0 0
367.0 103.0 0
117.0 335.0 0
133.0 376.0 0
110.0 247.0 0
365.0 136.0 0
200.0 309.0 0
335.0 285.0 0
20.0 131.0 0
58.0 109.0 0
446.0 240.0 0
329.0 195.0 0
470.0 279.0 0
216.0 328.0 0
299.0 346.0 0
76.0 65.0 0
408.0 280.0 0
346.0 100.0 0
259.0 182.0 0
228.0 135.0 0
490.0 368.0 0
349.0 202.0 0
104.0 44.0 0
209.0 232.0 0
399.0 56.0 0
56.0 330.0 0
458.0 268.0 0
246.0 338.0 0
241.0 55.0 0
190.0 241.0 0
214.0 16.0 0
239.0 289.0 0
20.0 30.0 0
409.0 123.0 0
269.0 195.0 0
152.0 185.0 0
284.0 346.0 0
271.0 375.0 0
341.0 178.0 0
147.0 276.0 0
200.0 278.0 0
105.0 65.0 0
100.0 179.0 0
154.0 12.0 0
445.0 70.0 0
195.0 108.0 0
282.0 138.0 0
367.0 159.0 0
475.0 302.0 0
314.0 123.0 0
114.0 52.0 0
318.0 166.0 0
34.0 13.0 0
77.0 54.0 0
18.0 209.0 0
44.0 207.0 0
217.0 178.0 0
160.0 77.0 0
239.0 232.0 0
492.0 332.0 0
416.0 216.0 0
405.0 98.0 0
20.0 347.0 0
275.0 357.0 0
482.0 175.0 0
85.0 113.0 0
36.0 243.0 0
235.0 75.0 0
348.0 367.0 0
265.0 316.0 0
26.0 147.0 0
83.0 306.0 0
293.0 58.0 0
461.0 268.0 0
343.0 321.0 0
486.0 290.0 0
258.0 264.0 0
308.0 257.0 0
235.0 173.0 0
98.0 325.0 0
288.0 249.0 0
291.0 55.0 0
273.0 85.0 0
451.0 308.0 0
242.0 299.0 0
485.0 252.0 0
476.0 166.0 0
417.0 279.0 0
133.0 222.0 0
415.0 156.0 0
135.0 144.0 0
151.0 251.0 0
254.0 253.0 0
58.0 322.0 0
202.0 96.0 0
487.0 323.0 0
231.0 26.0 0
408.0 57.0 0
75.0 133.0 0
271.0 261.0 0
305.0 40.0 0
75.0 288.0 0
45.0 181.0 0
148.0 351.0 0
343.0 88.0 0
352.0 95.0 0
237.0 301.0 0
80.0 297.0 0
147.0 245.0 0
341.0 227.0 0
408.0 307.0 0
17.0 29.0 0
403.0 14.0 0
29.0 245.0 0
55.0 71.0 0
115.0 190.0 0
413.0 354.0 0
123.0 353.0 0
443.0 325.0 0
305.0 194.0 0
242.0 126.0 0
286.0 180.0 0
268.0 107.0 0
459.0 293.0 0
127.0 330.0 0
241.0 139.0 0
229.0 253.0 0
269.0 118.0 0
456.0 24.0 0
20.0 92.0 0
104.0 340.0 0
60.0 64.0 0
89.0 100.0 0
110.0 283.0 0
124.0 211.0 0
374.0 302.0 0
271.0 141.0 0
119.0 9.0 0
439.0 35.0 0
481.0 174.0 0
469.0 204.0 0
469.0 60.0 0
137.0 154.0 0
199.0 198.0 0
70.0 19.0 0
268.0 97.0 0
275.0 343.0 0
52.0 358.0 0
426.0 162.0 0
132.0 25.0 0
406.0 317.0 0
311.0 338.0 0
340.0 358.0 0
92.0 240.0 0
93.0 249.0 0
401.0 253.0 0
335.0 341.0 0
207.0 57.0 0
57.0 373.0 0
437.0 217.0 0
82.0 236.0 0
415.0 282.0 0
240.0 231.0 0
267.0 128.0 0
44.0 360.0 0
332.0 171.0 0
229.0 364.0 0
482.0 169.0 0
167.0 256.0 0
118.0 206.0 0
119.0 133.0 0
112.0 220.0 0
201.0 2.0 0
270.0 166.0 0
91.0 362.0 0
441.0 215.0 0
201.0 61.0 0
446.0 287.0 0
194.0 294.0 0
89.0 373.0 0
188.0 9.0 0
318.0 34.0 0
172.0 309.0 0
276.0 40.0 0
241.0 26.0 0
371.0 357.0 0
15.0 224.0 0
60.0 150.0 0
54.0 305.0 0
111.0 144.0 0
163.0 55.0 0
242.0 43.0 0
214.0 253.0 0
414.0 126.0 0
134.0 109.0 0
157.0 185.0 0
1.0 209.0 0
83.0 326.0 0
468.0 375.0 0
442.0 324.0 0
204.0 217.0 0
336.0 370.0 0
236.0 119.0 0
165.0 158.0 0
359.0 225.0 0
437.0 99.0 0
393.0 254.0 0
292.0 46.0 0
449.0 61.0 0
260.0 365.0 0
303.0 105.0 0
4.0 366.0 0
442.0 271.0 0
372.0 193.0 0
210.0 14.0 0
291.0 291.0 0
281.0 184.0 0
163.0 180.0 0
349.0 147.0 0
93.0 338.0 0
241.0 169.0 0
163.0 85.0 0
117.0 340.0 0
312.0 217.0 0
68.0 138.0 0
491.0 166.0 0
277.0 293.0 0
472.0 255.0 0
401.0 365.0 0
338.0 290.0 0
207.0 278.0 0
380.0 144.0 0
50.0 248.0 0
161.0 243.0 0
90.0 360.0 0
275.0 303.0 0
192.0 129.0 0
233.0 358.0 0
54.0 308.0 0
111.0 365.0 0
211.0 38.0 0
180.0 236.0 0
228.0 34.0 0
144.0 73.0 0
79.0 346.0 0
241.0 297.0 0
87.0 38.0 0
84.0 202.0 0
32.0 358.0 0
188.0 2.0 0
236.0 22.0 0
58.0 308.0 0
58.0 288.0 0
27.0 317.0 0
217.0 61.0 0
217.0 347.0 0
126.0 223.0 0
249.0 210.0 0
385.0 74.0 0
246.0 173.0 0
314.0 162.0 0
222.0 62.0 0
13.0 12.0 0
314.0 259.0 0
472.0 232.0 0
186.0 135.0 0
185.0 310.0 0
178.0 281.0 0
426.0 32.0 0
178.0 190.0 0
269.0 228.0 0
415.0 207.0 0
18.0 135.0 0
490.0 320.0 0
468.0 285.0 0
26.0 227.0 0
240.0 115.0 0
99.0 370.0 0
319.0 337.0 0
230.0 358.0 0
314.0 38.0 0
19.0 303.0 0
136.0 253.0 0
227.0 358.0 0
49.0 337.0 0
437.0 265.0 0
83.0 167.0 0
296.0 127.0 0
199.0 376.0 0
206.0 245.0 0
196.0 266.0 0
327.0 105.0 0
426.0 252.0 0
374.0 226.0 0
416.0 297.0 0
143.0 236.0 0
222.0 320.0 0
89.0 40.0 0
54.0 93.0 0
460.0 59.0 0
186.0 364.0 0
22.0 211.0 0
340.0 26.0 0
288.0 175.0 0
365.0 254.0 0
112.0 286.0 0
208.0 309.0 0
27.0 118.0 0
410.0 54.0 0
56.0 244.0 0
132.0 21.0 0
20.0 289.0 0
121.0 81.0 0
399.0 245.0 0
485.0 204.0 0
405.0 176.0 0
365.0 252.0 0
411.0 255.0 0
180.0 34.0 0
410.0 153.0 0
207.0 248.0 0
28.0 158.0 0
137.0 323.0 0
295.0 138.0 0
22.0 166.0 0
79.0 376.0 0
250.0 95.0 0
377.0 154.0 0
471.0 253.0 0
98.0 224.0 0
23.0 366.0 0
185.0 260.0 0
199.0 355.0 0
23.0 41.0 0
311.0 179.0 0
367.0 164.0 0
209.0 334.0 0
63.0 283.0 0
448.0 178.0 0
113.0 60.0 0
25.0 205.0 0
157.0 323.0 0
3.0 90.0 0
357.0 197.0 0
461.0 230.0 0
307.0 353.0 0
185.0 167.0 0
64.0 374.0 0
295.0 15.0 0
295.0 306.0 0
83.0 193.0 0
98.0 232.0 0
123.0 151.0 0
443.0 304.0 0
106.0 214.0 0
375.0 72.0 0
447.0 173.0 0
421.0 32.0 0
242.0 320.0 0
258.0 1.0 0
177.0 118.0 0
265.0 89.0 0
371.0 4.0 0
240.0 137.0 0
271.0 6.0 0
295.0 99.0 0
202.0 72.0 0
311.0 142.0 0
324.0 375.0 0
304.0 138.0 0
282.0 283.0 0
112.0 29.0 0
318.0 107.0 0
467.0 199.0 0
318.0 232.0 0
212.0 376.0 0
94.0 233.0 0
273.0 305.0 0
362.0 80.0 0
330.0 354.0 0
447.0 358.0 0
413.0 19.0 0
172.0 194.0 0
193.0 225.0 0
158.0 10.0 0
439.0 349.0 0
234.0 189.0 0
10.0 311.0 0
203.0 146.0 0
217.0 281.0 0
59.0 138.0 0
268.0 226.0 0
127.0 240.0 0
378.0 351.0 0
20.0 2.0 0
413.0 317.0 0
92.0 279.0 0
258.0 68.0 0
129.0 150.0 0
109.0 6.0 0
448.0 168.0 0
180.0 228.0 0
49.0 265.0 0
362.0 324.0 0
387.0 307.0 0
25.0 54.0 0
227.0 220.0 0
165.0 6.0 0
367.0 248.0 0
239.0 330.0 0
198.0 245.0 0
162.0 123.0 0
214.0 86.0 0
189.0 46.0 0
165.0 231.0 0
44.0 150.0 0
160.0 359.0 0
89.0 325.0 0
239.0 269.0 0
37.0 179.0 0
442.0 306.0 0
463.0 268.0 0
361.0 372.0 0
261.0 159.0 0
172.0 86.0 0
94.0 360.0 0
365.0 352.0 0
54.0 107.0 0
371.0 250.0 0
73.0 164.0 0
185.0 159.0 0
94.0 210.0 0
43.0 214.0 0
273.0 275.0 0
442.0 235.0 0
131.0 176.0 0
440.0 190.0 0
163.0 347.0 0
197.0 179.0 0
477.0 288.0 0
272.0 234.0 0
66.0 98.0 0
479.0 276.0 0
346.0 218.0 0
131.0 62.0 0
411.0 322.0 0
210.0 65.0 0
247.0 107.0 0
123.0 105.0 0
87.0 144.0 0
211.0 247.0 0
425.0 16.0 0
125.0 151.0 0
95.0 118.0 0
25.0 334.0 0
295.0 48.0 0
257.0 226.0 0
24.0 40.0 0
338.0 10.0 0
446.0 345.0 0
267.0 251.0 0
229.0 317.0 0
88.0 275.0 0
345.0 123.0 0
29.0 16.0 0
340.0 179.0 0
258.0 202.0 0
26.0 301.0 0
88.0 195.0 0
409.0 162.0 0
182.0 12.0 0
148.0 376.0 0
494.0 252.0 0
437.0 73.0 0
260.0 94.0 0
254.0 230.0 0
162.0 204.0 0
93.0 326.0 0
155.0 117.0 0
246.0 282.0 0
299.0 149.0 0
369.0 244.0 0
292.0 122.0 0
243.0 69.0 0
141.0 227.0 0
325.0 232.0 0
203.0 133.0 0
217.0 62.0 0
68.0 86.0 0
384.0 200.0 0
203.0 170.0 0
34.0 41.0 0
371.0 175.0 0
313.0 343.0 0
475.0 127.0 0
17.0 86.0 0
140.0 295.0 0
135.0 315.0 0
459.0 236.0 0
294.0 216.0 0
154.0 21.0 0
360.0 27.0 0
409.0 190.0 0
381.0 329.0 0
340.0 207.0 0
444.0 214.0 0
4.0 313.0 0
59.0 136.0 0
226.0 49.0 0
429.0 307.0 0
131.0 275.0 0
195.0 207.0 0
192.0 19.0 0
273.0 69.0 0
180.0 311.0 0
345.0 70.0 0
76.0 286.0 0
424.0 173.0 0
204.0 353.0 0
70.0 111.0 0
48.0 221.0 0
20.0 165.0 0
261.0 108.0 0
91.0 309.0 0
426.0 347.0 0
231.0 216.0 0
31.0 244.0 0
206.0 86.0 0
54.0 313.0 0
17.0 153.0 0
399.0 284.0 0
128.0 24.0 0
317.0 49.0 0
51.0 107.0 0
330.0 296.0 0
387.0 209.0 0
292.0 195.0 0
241.0 107.0 0
122.0 228.0 0
281.0 125.0 0
265.0 33.0 0
484.0 258.0 0
395.0 127.0 0
337.0 187.0 0
210.0 362.0 0
240.0 200.0 0
277.0 166.0 0
245.0 328.0 0
357.0 299.0 0
83.0 105.0 0
159.0 29.0 0
20.0 96.0 0
186.0 129.0 0
227.0 138.0 0
265.0 3.0 0
335.0 145.0 0
181.0 82.0 0
405.0 211.0 0
149.0 269.0 0
340.0 67.0 0
299.0 354.0 0
207.0 84.0 0
222.0 166.0 0
87.0 26.0 0
84.0 189.0 0
147.0 217.0 0
200.0 329.0 0
315.0 26.0 0
448.0 113.0 0
172.0 57.0 0
230.0 130.0 0
103.0 132.0 0
204.0 317.0 0
414.0 57.0 0
264.0 341.0 0
89.0 135.0 0
444.0 125.0 0
164.0 241.0 0
145.0 69.0 0
181.0 207.0 0
349.0 185.0 0
176.0 207.0 0
349.0 253.0 0
361.0 191.0 0
65.0 353.0 0
239.0 336.0 0
240.0 144.0 0
387.0 330.0 0
256.0 69.0 0
115.0 339.0 0
94.0 346.0 0
418.0 369.0 0
265.0 111.0 0
257.0 186.0 0
162.0 173.0 0
144.0 59.0 0
365.0 217.0 0
1.0 126.0 0
403.0 175.0 0
201.0 163.0 0
267.0 223.0 0
240.0 13.0 0
338.0 302.0 0
268.0 103.0 0
42.0 309.0 0
25.0 167.0 0
441.0 31.0 0
51.0 260.0 0
95.0 98.0 0
157.0 18.0 0
382.0 50.0 0
212.0 56.0 0
186.0 326.0 0
331.0 129.0 0
132.0 194.0 0
150.0 276.0 0
230.0 222.0 0
214.0 23.0 0
415.0 119.0 0
95.0 348.0 0
247.0 368.0 0
54.0 68.0 0
337.0 236.0 0
203.0 96.0 0
348.0 252.0 0
155.0 112.0 0
359.0 290.0 0
24.0 114.0 0
433.0 129.0 0
191.0 19.0 0
244.0 58.0 0
85.0 353.0 0
172.0 64.0 0
367.0 124.0 0
57.0 16.0 0
20.0 175.0 0
296.0 159.0 0
41.0 21.0 0
111.0 66.0 0
183.0 136.0 0
39.0 245.0 0
3.0 120.0 0
373.0 172.0 0
147.0 302.0 0
121.0 136.0 0
93.0 9.0 0
222.0 283.0 0
214.0 7.0 0
7.0 309.0 0
461.0 281.0 0
330.0 215.0 0
49.0 61.0 0
431.0 165.0 0
271.0 135.0 0
98.0 244.0 0
251.0 292.0 0
244.0 211.0 0
235.0 301.0 0
140.0 329.0 0
345.0 113.0 0
446.0 328.0 0
115.0 206.0 0
334.0 31.0 0
416.0 342.0 0
210.0 298.0 0
72.0 10.0 0
346.0 22.0 0
29.0 95.0 0
364.0 185.0 0
168.0 228.0 0
417.0 48.0 0
461.0 325.0 0
357.0 260.0 0
442.0 109.0 0
196.0 48.0 0
192.0 175.0 0
489.0 284.0 0
337.0 290.0 0
275.0 341.0 0
73.0 129.0 0
40.0 321.0 0
196.0 333.0 0
117.0 102.0 0
337.0 80.0 0
7.0 315.0 0
89.0 87.0 0
128.0 154.0 0
265.0 178.0 0
428.0 98.0 0
122.0 368.0 0
442.0 154.0 0
372.0 248.0 0
262.0 171.0 0
268.0 165.0 0
194.0 35.0 0
265.0 305.0 0
429.0 245.0 0
465.0 232.0 0
112.0 356.0 0
235.0 94.0 0
189.0 14.0 0
6.0 287.0 0
449.0 357.0 0
112.0 165.0 0
195.0 303.0 0
77.0 107.0 0
400.0 311.0 0
4.0 245.0 0
337.0 257.0 0
469.0 34.0 0
116.0 7.0 0
289.0 100.0 0
181.0 327.0 0
23.0 303.0 0
121.0 220.0 0
390.0 370.0 0
392.0 176.0 0
424.0 240.0 0
268.0 302.0 0
283.0 227.0 0
382.0 328.0 0
380.0 211.0 0
411.0 22.0 0
336.0 223.0 0
111.0 219.0 0
366.0 359.0 0
438.0 346.0 0
463.0 299.0 0
357.0 280.0 0
372.0 38.0 0
489.0 256.0 0
115.0 239.0 0
386.0 186.0 0
112.0 336.0 0
89.0 258.0 0
379.0 43.0 0
387.0 33.0 0
281.0 14.0 0
191.0 204.0 0
328.0 310.0 0
411.0 3.0 0
126.0 370.0 0
240.0 269.0 0
129.0 199.0 0
443.0 206.0 0
466.0 287.0 0
363.0 237.0 0
162.0 220.0 0
23.0 302.0 0
190.0 160.0 0
128.0 161.0 0
159.0 369.0 0
114.0 266.0 0
348.0 92.0 0
275.0 145.0 0
35.0 351.0 0
259.0 109.0 0
202.0 133.0 0
434.0 279.0 0
351.0 373.0 0
426.0 321.0 0
188.0 234.0 0
414.0 181.0 0
203.0 172.0 0
441.0 34.0 0
334.0 266.0 0
117.0 300.0 0
178.0 210.0 0
132.0 188.0 0
346.0 37.0 0
48.0 12.0 0
196.0 51.0 0
2.0 4.0 0
131.0 29.0 0
60.0 247.0 0
196.0 239.0 0
431.0 144.0 0
83.0 282.0 0
340.0 372.0 0
95.0 212.0 0
468.0 112.0 0
193.0 181.0 0
273.0 306.0 0
120.0 333.0 0
201.0 322.0 0
228.0 195.0 0
173.0 100.0 0
63.0 25.0 0
412.0 300.0 0
41.0 149.0 0
370.0 182.0 0
336.0 9.0 0
260.0 69.0 0
414.0 122.0 0
21.0 83.0 0
422.0 199.0 0
341.0 209.0 0
138.0 110.0 0
83.0 230.0 0
192.0 220.0 0
221.0 180.0 0
272.0 31.0 0
177.0 330.0 0
433.0 347.0 0
383.0 56.0 0
243.0 271.0 0
79.0 357.0 0
421.0 373.0 0
327.0 100.0 0
188.0 143.0 0
409.0 252.0 0
378.0 158.0 0
281.0 72.0 0
236.0 173.0 0
122.0 231.0 0
307.0 185.0 0
283.0 279.0 0
319.0 200.0 0
272.0 193.0 0
194.0 189.0 0
378.0 117.0 0
269.0 1.0 0
485.0 249.0 0
380.0 138.0 0
424.0 196.0 0
190.0 110.0 0
49.0 225.0 0
379.0 265.0 0
348.0 76.0 0
445.0 50.0 0
336.0 55.0 0
178.0 156.0 0
392.0 322.0 0
115.0 244.0 0
306.0 363.0 0
261.0 40.0 0
167.0 30.0 0
200.0 214.0 0
394.0 364.0 0
166.0 78.0 0
329.0 351.0 0
357.0 266.0 0
125.0 258.0 0
447.0 302.0 0
405.0 179.0 0
157.0 19.0 0
260.0 343.0 0
446.0 59.0 0
127.0 133.0 0
260.0 275.0 0
221.0 303.0 0
239.0 229.0 0
141.0 194.0 0
231.0 193.0 0
329.0 309.0 0
207.0 275.0 0
13.0 126.0 0
245.0 35.0 0
67.0 142.0 0
304.0 371.0 0
19.0 267.0 0
239.0 145.0 0
377.0 127.0 0
200.0 241.0 0
265.0 64.0 0
35.0 71.0 0
402.0 62.0 0
57.0 365.0 0
408.0 8.0 0
69.0 244.0 0
283.0 247.0 0
397.0 174.0 0
383.0 296.0 0
367.0 191.0 0
51.0 217.0 0
354.0 239.0 0
409.0 9.0 0
358.0 217.0 0
426.0 163.0 0
38.0 205.0 0
171.0 125.0 0
258.0 249.0 0
447.0 110.0 0
324.0 227.0 0
89.0 371.0 0
394.0 120.0 0
203.0 3.0 0
90.0 26.0 0
486.0 342.0 0
343.0 211.0 0
57.0 79.0 0
474.0 118.0 0
357.0 187.0 0
306.0 234.0 0
339.0 285.0 0
69.0 246.0 0
57.0 248.0 0
16.0 369.0 0
167.0 292.0 0
68.0 247.0 0
348.0 163.0 0
240.0 260.0 0
338.0 144.0 0
292.0 349.0 0
132.0 135.0 0
136.0 121.0 0
112.0 343.0 0
8.0 333.0 0
294.0 36.0 0
367.0 187.0 0
266.0 125.0 0
473.0 346.0 0
443.0 234.0 0
115.0 99.0 0
345.0 244.0 0
134.0 35.0 0
55.0 176.0 0
258.0 17.0 0
34.0 40.0 0
416.0 350.0 0
279.0 274.0 0
296.0 119.0 0
246.0 261.0 0
295.0 313.0 0
258.0 309.0 0
186.0 158.0 0
185.0 360.0 0
145.0 94.0 0
71.0 268.0 0
4.0 50.0 0
27.0 70.0 0
285.0 216.0 0
224.0 362.0 0
67.0 11.0 0
196.0 232.0 0
404.0 232.0 0
281.0 338.0 0
264.0 116.0 0
103.0 330.0 0
187.0 34.0 0
245.0 164.0 0
103.0 245.0 0
441.0 65.0 0
346.0 157.0 0
111.0 327.0 0
414.0 252.0 0
495.0 269.0 0
164.0 287.0 0
31.0 341.0 0
6.0 224.0 0
13.0 168.0 0
334.0 321.0 0
21.0 164.0 0
17.0 17.0 0
255.0 240.0 0
55.0 64.0 0
412.0 20.0 0
71.0 102.0 0
3.0 341.0 0
10.0 246.0 0
240.0 186.0 0
111.0 63.0 0
446.0 219.0 0
166.0 237.0 0
159.0 8.0 0
182.0 95.0 0
268.0 189.0 0
489.0 244.0 0
126.0 350.0 0
30.0 70.0 0
347.0 310.0 0
69.0 212.0 0
147.0 331.0 0
337.0 131.0 0
142.0 98.0 0
188.0 175.0 0
227.0 290.0 0
113.0 220.0 0
137.0 271.0 0
405.0 100.0 0
273.0 260.0 0
285.0 68.0 0
143.0 243.0 0
345.0 349.0 0
133.0 56.0 0
390.0 347.0 0
201.0 133.0 0
473.0 92.0 0
190.0 320.0 0
146.0 142.0 0
362.0 237.0 0
462.0 66.0 0
311.0 82.0 0
203.0 1.0 0
254.0 153.0 0
364.0 221.0 0
184.0 149.0 0
68.0 356.0 0
231.0 114.0 0
341.0 372.0 0
285.0 93.0 0
35.0 265.0 0
21.0 271.0 0
15.0 233.0 0
195.0 166.0 0
421.0 375.0 0
85.0 211.0 0
135.0 64.0 0
338.0 112.0 0
182.0 72.0 0
378.0 217.0 0
38.0 84.0 0
69.0 232.0 0
241.0 51.0 0
477.0 251.0 0
160.0 352.0 0
3.0 34.0 0
80.0 342.0 0
96.0 109.0 0
288.0 3.0 0
358.0 226.0 0
138.0 7.0 0
76.0 115.0 0
295.0 18.0 0
211.0 303.0 0
11.0 338.0 0
369.0 289.0 0
192.0 224.0 0
479.0 314.0 0
442.0 192.0 0
210.0 360.0 0
447.0 184.0 0
110.0 376.0 0
332.0 120.0 0
251.0 351.0 0
122.0 14.0 0
183.0 275.0 0
122.0 367.0 0
137.0 34.0 0
232.0 53.0 0
457.0 350.0 0
264.0 16.0 0
259.0 216.0 0
68.0 54.0 0
200.0 49.0 0
176.0 100.0 0
109.0 376.0 0
114.0 160.0 0
446.0 7.0 0
210.0 112.0 0
180.0 161.0 0
75.0 66.0 0
97.0 47.0 0
94.0 60.0 0
127.0 161.0 0
268.0 34.0 0
95.0 185.0 0
456.0 309.0 0
294.0 135.0 0
426.0 180.0 0
107.0 259.0 0
216.0 40.0 0
78.0 333.0 0
77.0 287.0 0
346.0 198.0 0
357.0 12.0 0
19.0 374.0 0
328.0 239.0 0
490.0 338.0 0
418.0 368.0 0
341.0 39.0 0
125.0 274.0 0
383.0 166.0 0
64.0 316.0 0
217.0 275.0 0
55.0 83.0 0
357.0 46.0 0
360.0 319.0 0
134.0 244.0 0
15.0 246.0 0
450.0 275.0 0
447.0 369.0 0
375.0 158.0 0
337.0 322.0 0
119.0 35.0 0
142.0 130.0 0
28.0 194.0 0
113.0 161.0 0
42.0 9.0 0
348.0 150.0 0
116.0 337.0 0
209.0 56.0 0
53.0 371.0 0
130.0 169.0 0
362.0 242.0 0
144.0 220.0 0
271.0 51.0 0
200.0 259.0 0
81.0 201.0 0
97.0 52.0 0
284.0 246.0 0
339.0 309.0 0
347.0 333.0 0
69.0 148.0 0
134.0 283.0 0
50.0 286.0 0
53.0 97.0 0
190.0 369.0 0
275.0 181.0 0
459.0 138.0 0
176.0 364.0 0
378.0 95.0 0
196.0 155.0 0
398.0 199.0 0
227.0 155.0 0
434.0 180.0 0
43.0 7.0 0
357.0 26.0 0
147.0 195.0 0
