215 50 1
118 269 1
275 282 1
305 59 1
262 50 1
119 92 1
261 326 1
30 65 1
333 163 1
405 328 1
126 345 1
259 285 1
18 330 1
14 323 1
445 377 1
31 236 1
141 328 1
13 364 1
14 209 1
112 9 1
2 258 1
230 304 1
39 304 1
345 163 1
113 120 1
24 320 1
19 237 1
10 307 1
121 262 1
22 253 1
47 176 1
70 59 1
6 64 1
114 163 1
58 345 1
82 12 1
17 142 1
30 147 1
234 100 1
15 275 1
12 260 1
76 304 1
34 378 1
421 191 1
199 63 1
230 159 1
37 120 1
34 50 1
59 236 1
305 218 1
7 219 1
204 158 1
353 253 1
18 364 1
11 219 1
199 253 1
18 96 1
484 364 1
7 186 1
154 105 1
42 163 1
182 59 1
192 40 1
358 147 1
36 11 1
30 255 1
289 377 1
146 93 1
46 243 1
29 285 1
375 93 1
17 307 1
227 147 1
315 253 1
177 36 1
82 59 1
231 53 1
40 32 1
23 290 1
89 253 1
171 378 1
121 353 1
273 92 1
162 341 1
33 59 1
86 323 1
119 159 1
231 253 1
13 145 1
191 159 1
51 236 1
19 241 1
18 240 1
282 323 1
15 328 1
10 41 1
150 236 1
309 59 1
65 279 1
286 54 1
38 377 1
65 92 1
91 206 1
48 285 1
166 281 1
258 364 1
131 41 1
196 40 1
349 364 1
79 220 1
183 145 1
362 239 1
128 11 1
10 236 1
182 163 1
89 59 1
125 247 1
17 271 1
26 262 1
214 63 1
65 221 1
73 126 1
88 35 1
109 236 1
165 240 1
365 239 1
398 145 1
138 163 1
280 236 1
35 338 1
24 377 1
46 93 1
230 323 1
308 59 1
10 383 1
60 315 1
373 93 1
29 376 1
147 219 1
131 93 1
343 186 1
172 219 1
35 378 1
12 212 1
235 63 1
172 59 1
143 59 1
22 145 1
135 120 1
201 222 1
138 120 1
384 126 1
41 159 1
217 304 1
1 339 1
194 283 1
56 93 1
28 269 1
204 364 1
141 61 1
85 8 1
13 50 1
9 296 1
383 120 1
267 61 1
482 364 1
147 336 1
14 240 1
125 253 1
343 126 1
449 239 1
221 120 1
172 51 1
384 269 1
42 63 1
65 145 1
56 377 1
172 93 1
155 239 1
118 317 1
123 11 1
5 163 1
216 216 1
41 282 1
265 150 1
178 38 1
31 147 1
45 205 1
19 313 1
24 59 1
52 41 1
47 59 1
360 145 1
121 163 1
117 304 1
219 61 1
43 171 1
44 239 1
125 250 1
77 38 1
14 102 1
84 285 1
176 36 1
448 239 1
216 248 1
48 275 1
168 50 1
231 145 1
280 307 1
88 304 1
65 326 1
125 349 1
248 50 1
316 290 1
51 304 1
14 347 1
2 93 1
91 377 1
364 307 1
15 95 1
75 216 1
113 330 1
289 328 1
42 50 1
2 257 1
13 3 1
190 38 1
180 364 1
71 163 1
106 343 1
56 206 1
49 236 1
42 328 1
357 364 1
9 35 1
10 163 1
293 54 1
235 100 1
55 285 1
78 253 1
30 164 1
86 126 1
2 147 1
117 291 1
69 61 1
225 63 1
9 3 1
208 181 1
39 240 1
6 26 1
318 262 1
40 224 1
5 264 1
88 171 1
138 369 1
262 126 1
411 163 1
43 307 1
222 206 1
1 236 1
7 163 1
46 328 1
43 51 1
145 129 1
28 270 1
44 8 1
345 252 1
88 210 1
45 6 1
273 240 1
80 364 1
167 330 1
39 243 1
77 65 1
150 216 1
199 145 1
219 59 1
68 261 1
47 221 1
14 65 1
225 343 1
163 226 1
335 97 1
165 159 1
65 272 1
241 59 1
16 271 1
92 8 1
54 59 1
216 321 1
387 257 1
216 299 1
39 257 1
281 63 1
178 376 1
204 232 1
266 120 1
18 11 1
59 63 1
7 33 1
283 323 1
314 59 1
6 328 1
404 148 1
81 36 1
139 290 1
126 92 1
316 140 1
116 147 1
138 100 1
68 123 1
16 328 1
55 167 1
327 252 1
451 253 1
27 50 1
77 126 1
175 53 1
77 61 1
141 341 1
16 126 1
390 252 1
91 54 1
400 324 1
16 69 1
54 304 1
109 304 1
195 147 1
28 373 1
127 282 1
213 376 1
68 290 1
219 307 1
409 304 1
44 11 1
18 126 1
343 271 1
23 163 1
364 344 1
331 59 1
364 92 1
115 163 1
116 315 1
158 145 1
336 59 1
210 50 1
33 341 1
5 353 1
345 61 1
81 304 1
38 282 1
16 185 1
59 262 1
18 4 1
175 236 1
86 93 1
40 206 1
88 53 1
154 241 1
36 69 1
68 370 1
172 370 1
29 302 1
78 114 1
317 59 1
27 147 1
137 299 1
157 155 1
409 377 1
46 34 1
5 236 1
240 63 1
110 364 1
187 253 1
182 217 1
306 61 1
14 95 1
81 171 1
199 360 1
18 143 1
39 364 1
26 145 1
117 120 1
29 341 1
28 241 1
240 92 1
10 269 1
167 59 1
160 382 1
138 307 1
113 307 1
122 11 1
106 63 1
47 328 1
176 65 1
331 163 1
7 236 1
32 307 1
243 364 1
47 159 1
29 364 1
150 50 1
21 282 1
54 345 1
158 154 1
114 364 1
15 206 1
13 63 1
48 307 1
19 92 1
68 38 1
59 247 1
394 126 1
17 232 1
37 240 1
120 374 1
140 307 1
230 252 1
91 119 1
16 159 1
125 93 1
86 163 1
65 236 1
46 71 1
12 302 1
46 169 1
357 304 1
19 246 1
18 51 1
120 53 1
456 336 1
77 50 1
216 237 1
13 310 1
50 145 1
204 240 1
210 61 1
38 227 1
362 252 1
52 63 1
85 191 1
37 182 1
146 281 1
3 163 1
69 307 1
14 108 1
42 6 1
124 41 1
41 253 1
327 378 1
216 323 1
229 163 1
173 35 1
380 163 1
149 82 1
72 93 1
219 282 1
156 26 1
280 328 1
106 370 1
255 252 1
335 253 1
19 171 1
185 59 1
204 169 1
124 204 1
79 282 1
14 377 1
210 328 1
140 50 1
16 276 1
154 120 1
280 53 1
140 204 1
291 328 1
125 262 1
210 364 1
110 357 1
360 290 1
231 147 1
24 202 1
34 61 1
68 159 1
39 370 1
172 63 1
260 364 1
308 271 1
130 34 1
43 6 1
364 364 1
56 147 1
204 231 1
38 63 1
227 302 1
339 260 1
75 302 1
202 93 1
187 240 1
18 262 1
42 92 1
343 142 1
28 244 1
288 328 1
178 61 1
128 328 1
227 162 1
55 6 1
6 241 1
373 307 1
349 377 1
16 264 1
130 290 1
128 310 1
272 119 1
140 216 1
69 145 1
75 180 1
191 53 1
171 290 1
194 74 1
168 171 1
453 253 1
78 61 1
60 8 1
278 65 1
269 59 1
27 92 1
107 59 1
242 63 1
29 216 1
72 119 1
114 328 1
167 50 1
298 282 1
46 378 1
252 126 1
292 328 1
154 171 1
39 253 1
91 279 1
72 50 1
204 95 1
272 253 1
118 159 1
405 153 1
46 321 1
140 34 1
146 279 1
204 93 1
10 206 1
155 65 1
259 163 1
107 8 1
114 95 1
165 59 1
151 61 1
70 232 1
34 241 1
310 130 1
69 262 1
214 364 1
18 356 1
339 59 1
281 65 1
120 50 1
56 282 1
84 261 1
6 220 1
72 142 1
19 4 1
13 163 1
30 119 1
194 82 1
39 119 1
222 374 1
141 16 1
47 216 1
172 236 1
8 86 1
87 50 1
321 330 1
31 53 1
47 243 1
146 255 1
24 61 1
50 370 1
216 191 1
75 22 1
25 59 1
42 180 1
65 269 1
14 255 1
242 163 1
171 53 1
9 92 1
175 355 1
16 35 1
146 304 1
7 61 1
69 328 1
31 307 1
418 181 1
28 120 1
306 73 1
225 285 1
132 341 1
31 328 1
308 186 1
118 119 1
57 181 1
80 163 1
34 119 1
216 169 1
148 49 1
37 257 1
146 65 1
260 239 1
293 63 1
141 290 1
138 241 1
35 6 1
452 253 1
158 282 1
93 270 1
252 125 1
142 50 1
14 336 1
216 219 1
144 252 1
9 269 1
243 61 1
7 281 1
38 109 1
262 336 1
68 8 1
201 59 1
270 92 1
19 261 1
125 236 1
328 377 1
8 82 1
201 236 1
135 61 1
311 59 1
157 262 1
56 207 1
19 119 1
91 93 1
18 377 1
9 155 1
38 236 1
162 163 1
51 50 1
252 222 1
33 113 1
385 120 1
48 265 1
88 92 1
369 93 1
12 107 1
11 210 1
1 37 1
1 336 1
154 254 1
49 147 1
2 156 1
19 118 1
126 306 1
37 142 1
203 353 1
144 16 1
46 319 1
146 120 1
88 146 1
166 253 1
2 41 1
88 61 1
34 123 1
333 59 1
485 364 1
178 126 1
24 219 1
275 239 1
14 12 1
91 210 1
77 147 1
340 185 1
128 50 1
152 24 1
204 59 1
128 102 1
42 253 1
5 304 1
29 145 1
237 50 1
120 271 1
229 219 1
222 59 1
200 377 1
339 269 1
125 211 1
230 63 1
10 378 1
29 321 1
314 236 1
76 236 1
73 171 1
264 59 1
28 364 1
77 378 1
46 33 1
117 281 1
136 76 1
210 341 1
462 282 1
115 10 1
71 307 1
36 328 1
5 16 1
118 304 1
65 237 1
224 236 1
173 59 1
75 166 1
275 236 1
50 347 1
19 6 1
7 145 1
224 50 1
77 162 1
287 54 1
46 285 1
130 260 1
46 260 1
34 279 1
55 212 1
358 123 1
75 237 1
43 240 1
77 282 1
313 59 1
280 180 1
28 266 1
15 279 1
180 370 1
222 364 1
169 366 1
10 93 1
12 216 1
5 121 1
33 377 1
42 145 1
203 50 1
37 126 1
12 311 1
130 63 1
12 32 1
173 364 1
495 378 1
230 253 1
118 349 1
91 319 1
166 171 1
55 65 1
38 119 1
40 253 1
193 364 1
169 262 1
437 262 1
146 16 1
464 304 1
305 239 1
132 11 1
31 302 1
109 61 1
365 92 1
362 338 1
268 120 1
150 111 1
65 248 1
219 377 1
13 362 1
382 163 1
10 3 1
349 236 1
91 285 1
181 221 1
91 63 1
10 92 1
173 171 1
357 147 1
29 307 1
71 59 1
89 366 1
164 68 1
111 10 1
33 260 1
2 332 1
122 298 1
408 163 1
6 50 1
18 321 1
1 253 1
322 59 1
126 38 1
178 328 1
53 304 1
89 155 1
14 126 1
19 253 1
59 253 1
130 116 1
227 372 1
41 119 1
273 369 1
50 304 1
372 377 1
246 65 1
69 304 1
3 274 1
182 364 1
382 120 1
172 377 1
295 93 1
12 282 1
343 281 1
48 82 1
315 252 1
50 253 1
55 355 1
42 59 1
43 92 1
32 253 1
14 119 1
87 59 1
18 33 1
156 353 1
216 145 1
10 355 1
1 304 1
195 252 1
148 281 1
171 307 1
154 240 1
208 50 1
73 145 1
353 63 1
124 371 1
49 116 1
71 159 1
12 356 1
60 364 1
65 61 1
57 307 1
28 40 1
280 253 1
138 262 1
126 378 1
134 304 1
14 116 1
19 364 1
280 304 1
38 253 1
138 69 1
17 264 1
34 328 1
149 93 1
131 307 1
328 364 1
51 364 1
88 290 1
210 120 1
297 59 1
146 378 1
221 50 1
380 115 1
266 59 1
158 163 1
258 236 1
56 302 1
75 32 1
28 307 1
268 163 1
295 304 1
488 364 1
154 264 1
405 345 1
194 252 1
73 8 1
135 375 1
178 59 1
30 180 1
252 142 1
141 356 1
193 378 1
138 64 1
9 282 1
43 252 1
156 282 1
75 262 1
30 282 1
169 290 1
79 93 1
417 171 1
26 6 1
36 253 1
216 253 1
136 59 1
80 28 1
127 173 1
274 269 1
247 59 1
178 206 1
59 235 1
10 219 1
296 54 1
364 204 1
224 92 1
63 8 1
81 59 1
88 95 1
58 377 1
146 61 1
53 6 1
56 375 1
7 307 1
181 219 1
162 97 1
13 216 1
149 219 1
150 93 1
260 50 1
19 112 1
46 175 1
172 282 1
433 364 1
295 236 1
281 240 1
164 46 1
165 53 1
241 163 1
162 366 1
182 61 1
124 365 1
59 120 1
43 364 1
118 219 1
28 92 1
16 65 1
138 302 1
15 339 1
43 377 1
145 302 1
33 6 1
368 307 1
88 215 1
5 197 1
78 145 1
447 239 1
391 126 1
157 302 1
39 169 1
320 348 1
194 320 1
71 281 1
7 191 1
161 282 1
359 252 1
144 253 1
267 120 1
1 120 1
395 132 1
65 252 1
115 178 1
60 176 1
140 142 1
11 120 1
75 222 1
88 145 1
8 120 1
191 50 1
163 253 1
10 86 1
91 253 1
150 382 1
36 147 1
14 294 1
137 11 1
14 224 1
69 278 1
3 68 1
378 101 1
16 26 1
55 63 1
43 269 1
174 261 1
14 163 1
117 163 1
143 107 1
6 302 1
383 150 1
37 370 1
51 65 1
10 377 1
227 163 1
19 195 1
156 296 1
191 323 1
46 236 1
459 261 1
155 171 1
131 123 1
110 61 1
88 302 1
75 378 1
8 93 1
1 341 1
335 304 1
3 59 1
328 59 1
162 92 1
173 253 1
164 262 1
13 65 1
388 126 1
122 145 1
200 61 1
71 380 1
51 346 1
257 50 1
12 272 1
122 236 1
36 377 1
166 93 1
118 314 1
2 61 1
151 24 1
79 59 1
160 159 1
14 154 1
50 237 1
406 155 1
199 345 1
69 308 1
84 50 1
178 41 1
88 364 1
38 169 1
24 65 1
28 216 1
79 271 1
341 59 1
55 95 1
32 50 1
154 119 1
216 95 1
175 171 1
191 376 1
196 150 1
22 65 1
483 364 1
37 232 1
75 241 1
1 92 1
9 252 1
225 307 1
43 255 1
140 92 1
120 207 1
158 93 1
176 219 1
330 59 1
117 186 1
190 239 1
366 92 1
138 63 1
251 50 1
15 50 1
31 93 1
141 119 1
255 210 1
158 364 1
130 236 1
131 159 1
181 38 1
403 147 1
19 363 1
31 145 1
8 237 1
278 285 1
148 16 1
223 145 1
148 119 1
7 268 1
118 253 1
90 190 1
438 236 1
88 307 1
83 59 1
75 282 1
112 377 1
216 370 1
214 61 1
164 92 1
14 210 1
141 145 1
125 11 1
128 314 1
284 54 1
30 306 1
142 236 1
40 377 1
154 59 1
166 61 1
77 67 1
88 70 1
346 291 1
14 370 1
18 16 1
478 364 1
130 93 1
51 219 1
40 252 1
19 212 1
307 254 1
1 59 1
44 48 1
47 239 1
475 336 1
162 191 1
19 281 1
164 317 1
23 50 1
10 237 1
192 238 1
156 255 1
91 364 1
42 206 1
193 369 1
86 326 1
10 252 1
219 236 1
80 260 1
40 50 1
7 142 1
117 93 1
138 44 1
240 123 1
131 147 1
474 336 1
77 377 1
49 50 1
18 149 1
24 142 1
65 280 1
28 180 1
364 218 1
40 9 1
200 206 1
30 252 1
14 92 1
33 108 1
91 66 1
203 236 1
13 53 1
52 40 1
119 281 1
329 59 1
68 53 1
162 236 1
14 338 1
28 374 1
36 239 1
12 318 1
79 353 1
79 304 1
222 253 1
7 364 1
66 8 1
223 364 1
48 145 1
120 59 1
81 145 1
184 302 1
228 366 1
44 253 1
265 50 1
51 221 1
9 226 1
23 147 1
17 61 1
88 328 1
60 159 1
204 131 1
494 377 1
88 64 1
185 181 1
94 262 1
90 310 1
9 253 1
70 364 1
93 8 1
40 65 1
338 217 1
135 163 1
148 383 1
13 222 1
227 180 1
169 59 1
12 338 1
117 11 1
204 225 1
146 126 1
50 264 1
328 253 1
65 65 1
75 167 1
46 231 1
58 260 1
124 173 1
71 253 1
24 321 1
13 6 1
222 235 1
150 186 1
44 6 1
325 304 1
80 8 1
14 107 1
321 93 1
310 236 1
285 54 1
5 43 1
175 237 1
77 119 1
190 222 1
80 50 1
88 49 1
42 257 1
89 8 1
223 252 1
55 51 1
188 38 1
25 63 1
155 63 1
41 287 1
19 382 1
14 152 1
47 304 1
68 364 1
166 50 1
131 232 1
11 34 1
373 130 1
266 61 1
168 93 1
124 377 1
43 374 1
286 63 1
227 219 1
157 345 1
219 370 1
186 38 1
224 241 1
49 241 1
42 61 1
11 241 1
50 328 1
167 107 1
93 364 1
122 282 1
79 92 1
106 353 1
19 219 1
178 364 1
53 92 1
13 17 1
3 61 1
130 328 1
56 63 1
50 223 1
254 59 1
44 123 1
81 219 1
194 364 1
323 100 1
425 282 1
131 53 1
59 110 1
26 63 1
315 59 1
425 328 1
15 332 1
219 93 1
219 364 1
199 364 1
43 218 1
14 296 1
10 61 1
9 328 1
217 216 1
19 377 1
217 343 1
14 188 1
104 8 1
343 349 1
109 262 1
88 285 1
422 272 1
31 306 1
152 253 1
65 16 1
131 120 1
433 227 1
258 50 1
158 240 1
252 319 1
305 159 1
160 265 1
28 341 1
42 282 1
308 275 1
73 210 1
28 185 1
9 262 1
43 185 1
192 347 1
46 364 1
202 49 1
224 216 1
140 107 1
252 320 1
60 240 1
37 286 1
182 101 1
177 93 1
55 166 1
59 281 1
356 64 1
17 364 1
19 51 1
71 218 1
20 37 1
37 53 1
114 314 1
8 304 1
69 50 1
56 236 1
142 92 1
205 50 1
36 161 1
175 307 1
162 119 1
29 314 1
162 219 1
240 236 1
71 216 1
19 206 1
3 376 1
56 51 1
21 306 1
44 271 1
240 239 1
54 11 1
43 126 1
135 185 1
10 366 1
31 50 1
161 32 1
226 50 1
10 254 1
219 210 1
314 253 1
5 341 1
118 262 1
337 239 1
262 364 1
196 364 1
280 252 1
15 29 1
39 61 1
102 8 1
24 97 1
178 50 1
165 236 1
146 377 1
191 126 1
230 59 1
252 93 1
77 364 1
164 232 1
23 304 1
242 124 1
349 351 1
44 203 1
124 328 1
324 59 1
186 252 1
115 219 1
308 119 1
269 163 1
56 364 1
18 42 1
88 132 1
149 281 1
39 239 1
75 377 1
25 240 1
89 97 1
227 271 1
37 364 1
214 328 1
59 239 1
127 11 1
73 307 1
239 364 1
75 253 1
14 303 1
272 63 1
11 302 1
231 282 1
227 50 1
32 304 1
17 323 1
241 120 1
148 92 1
280 377 1
141 364 1
51 279 1
88 13 1
234 63 1
141 50 1
88 86 1
18 219 1
141 63 1
29 191 1
16 34 1
110 281 1
80 379 1
305 323 1
98 8 1
220 145 1
71 50 1
154 108 1
252 50 1
181 59 1
301 253 1
40 10 1
118 64 1
298 377 1
28 318 1
47 50 1
52 253 1
2 171 1
257 253 1
131 361 1
130 147 1
222 50 1
93 304 1
106 59 1
39 205 1
316 95 1
5 355 1
262 282 1
14 105 1
39 53 1
165 308 1
75 40 1
33 237 1
75 304 1
168 120 1
24 126 1
37 149 1
6 310 1
225 173 1
165 65 1
224 308 1
34 159 1
38 149 1
12 307 1
42 126 1
426 239 1
13 378 1
75 236 1
439 237 1
1 210 1
4 328 1
169 163 1
191 40 1
60 145 1
104 59 1
80 98 1
364 236 1
39 164 1
162 50 1
234 50 1
117 33 1
492 377 1
142 24 1
270 93 1
41 339 1
281 201 1
216 88 1
216 241 1
180 355 1
162 282 1
154 236 1
11 356 1
349 61 1
16 29 1
223 328 1
7 159 1
122 336 1
50 355 1
28 210 1
46 247 1
379 108 1
43 65 1
298 336 1
168 186 1
167 239 1
82 100 1
88 221 1
58 59 1
410 253 1
75 245 1
75 192 1
28 91 1
316 184 1
174 35 1
18 252 1
216 93 1
175 363 1
39 120 1
15 377 1
185 302 1
146 342 1
47 92 1
232 50 1
14 70 1
44 50 1
37 63 1
169 341 1
242 282 1
32 370 1
3 126 1
190 282 1
55 328 1
202 147 1
49 163 1
384 120 1
95 8 1
47 364 1
59 93 1
227 341 1
81 8 1
140 97 1
158 304 1
43 290 1
180 38 1
362 82 1
176 253 1
148 180 1
70 93 1
36 159 1
60 236 1
47 307 1
141 253 1
143 252 1
125 61 1
45 163 1
414 169 1
154 353 1
157 65 1
43 328 1
158 266 1
13 131 1
52 56 1
140 279 1
26 59 1
33 135 1
34 253 1
75 92 1
165 218 1
140 59 1
125 282 1
46 186 1
143 63 1
198 376 1
150 58 1
261 239 1
16 236 1
183 163 1
116 383 1
28 11 1
172 328 1
224 364 1
113 63 1
16 301 1
268 285 1
191 253 1
18 281 1
210 302 1
15 186 1
57 145 1
5 342 1
126 326 1
78 290 1
227 353 1
75 240 1
69 364 1
234 364 1
362 198 1
37 207 1
162 317 1
56 50 1
123 147 1
1 65 1
24 50 1
42 286 1
223 147 1
19 61 1
276 364 1
252 340 1
51 255 1
128 93 1
125 65 1
125 53 1
140 262 1
5 229 1
36 145 1
186 145 1
149 75 1
48 169 1
18 61 1
224 304 1
141 82 1
50 126 1
368 92 1
281 340 1
218 93 1
420 191 1
59 186 1
165 61 1
195 304 1
5 193 1
155 370 1
163 186 1
7 3 1
13 92 1
75 145 1
204 370 1
296 261 1
22 92 1
78 8 1
77 328 1
341 239 1
168 285 1
185 38 1
121 179 1
24 378 1
227 380 1
86 173 1
208 63 1
193 282 1
8 364 1
175 302 1
15 310 1
183 251 1
37 254 1
129 328 1
434 227 1
138 173 1
88 63 1
434 341 1
138 93 1
10 189 1
157 257 1
106 378 1
294 145 1
382 150 1
149 316 1
86 291 1
29 8 1
125 285 1
168 59 1
358 65 1
55 318 1
217 59 1
167 307 1
335 59 1
109 307 1
224 262 1
110 378 1
38 364 1
19 90 1
120 313 1
204 366 1
223 304 1
177 217 1
7 269 1
71 169 1
68 93 1
112 59 1
154 216 1
17 240 1
51 328 1
198 44 1
117 232 1
16 93 1
91 8 1
345 364 1
71 212 1
4 239 1
110 53 1
231 360 1
146 346 1
349 356 1
9 41 1
225 219 1
263 50 1
69 11 1
10 348 1
24 120 1
204 170 1
68 307 1
12 145 1
190 210 1
117 257 1
405 262 1
77 62 1
109 65 1
120 123 1
55 341 1
227 377 1
241 239 1
28 296 1
15 142 1
7 349 1
21 93 1
22 93 1
275 238 1
25 50 1
176 61 1
198 93 1
8 164 1
158 260 1
12 31 1
191 147 1
124 253 1
117 347 1
202 235 1
68 279 1
48 121 1
69 17 1
46 269 1
14 261 1
23 307 1
343 247 1
97 8 1
135 165 1
238 320 1
158 253 1
14 357 1
154 202 1
162 304 1
17 93 1
200 50 1
22 147 1
51 61 1
5 97 1
126 69 1
19 226 1
25 236 1
190 238 1
241 92 1
83 93 1
55 236 1
18 169 1
157 304 1
9 147 1
39 282 1
71 93 1
123 50 1
23 257 1
11 3 1
14 123 1
48 328 1
291 377 1
223 63 1
71 145 1
16 111 1
38 92 1
55 40 1
319 263 1
10 145 1
119 88 1
416 171 1
145 54 1
29 219 1
178 236 1
7 83 1
92 65 1
65 302 1
18 178 1
125 71 1
55 377 1
5 282 1
55 240 1
80 161 1
14 147 1
252 147 1
165 281 1
44 236 1
150 332 1
71 219 1
113 328 1
110 59 1
3 236 1
31 370 1
220 50 1
57 6 1
19 11 1
349 126 1
130 11 1
265 93 1
47 376 1
69 126 1
24 95 1
308 279 1
127 262 1
204 168 1
314 92 1
148 69 1
112 355 1
148 177 1
190 52 1
145 269 1
160 207 1
225 282 1
2 142 1
148 253 1
146 163 1
120 206 1
423 206 1
17 302 1
14 3 1
184 38 1
180 93 1
149 245 1
55 248 1
28 260 1
68 216 1
164 247 1
141 252 1
30 173 1
162 186 1
283 53 1
47 107 1
161 349 1
203 323 1
80 26 1
308 69 1
130 375 1
240 163 1
156 236 1
14 159 1
42 222 1
119 219 1
193 93 1
28 252 1
238 304 1
22 252 1
266 50 1
60 126 1
240 59 1
374 93 1
152 63 1
43 341 1
461 336 1
308 121 1
55 126 1
120 216 1
125 370 1
19 151 1
29 6 1
18 92 1
5 275 1
15 85 1
56 38 1
109 126 1
121 123 1
148 252 1
15 161 1
114 159 1
17 36 1
29 59 1
118 11 1
10 290 1
273 239 1
113 239 1
45 378 1
13 61 1
34 6 1
138 236 1
94 145 1
444 239 1
140 377 1
30 253 1
88 378 1
22 169 1
264 50 1
316 219 1
153 59 1
30 93 1
21 364 1
178 307 1
252 307 1
176 328 1
117 159 1
157 30 1
23 132 1
134 11 1
96 8 1
225 377 1
175 159 1
12 353 1
19 180 1
456 260 1
273 328 1
11 93 1
7 314 1
191 282 1
146 328 1
401 145 1
7 63 1
14 243 1
65 312 1
3 32 1
138 66 1
163 110 1
106 377 1
91 59 1
231 364 1
79 163 1
219 163 1
216 221 1
88 321 1
177 377 1
38 11 1
164 59 1
73 328 1
116 356 1
47 236 1
286 377 1
148 50 1
10 65 1
6 198 1
244 252 1
337 59 1
60 377 1
158 218 1
227 240 1
43 167 1
25 61 1
114 10 1
110 9 1
202 252 1
51 370 1
51 196 1
50 377 1
234 267 1
38 50 1
116 252 1
154 135 1
47 330 1
30 364 1
216 147 1
295 302 1
151 33 1
168 314 1
37 108 1
29 377 1
42 310 1
148 63 1
44 9 1
19 216 1
15 264 1
235 59 1
13 231 1
11 364 1
138 157 1
117 171 1
216 236 1
146 59 1
431 219 1
38 61 1
242 145 1
309 93 1
214 281 1
227 236 1
274 50 1
9 145 1
172 252 1
133 153 1
171 220 1
314 163 1
124 38 1
31 327 1
305 260 1
36 116 1
242 50 1
35 307 1
370 93 1
13 356 1
169 142 1
136 375 1
11 282 1
110 65 1
103 8 1
135 11 1
165 290 1
49 159 1
230 92 1
163 364 1
65 304 1
372 93 1
169 378 1
88 279 1
194 282 1
234 105 1
148 210 1
413 253 1
43 332 1
23 281 1
18 370 1
156 61 1
125 123 1
19 53 1
11 182 1
106 123 1
14 103 1
50 257 1
154 281 1
247 145 1
59 282 1
19 89 1
114 326 1
49 6 1
5 2 1
14 269 1
80 171 1
7 41 1
388 181 1
200 307 1
30 50 1
149 27 1
88 219 1
76 80 1
204 172 1
16 342 1
272 50 1
237 59 1
187 376 1
58 120 1
51 156 1
18 32 1
38 370 1
223 78 1
55 265 1
39 65 1
190 50 1
5 92 1
204 63 1
72 364 1
106 61 1
222 282 1
70 304 1
164 253 1
71 282 1
77 380 1
25 364 1
50 208 1
44 285 1
68 313 1
385 145 1
290 328 1
110 174 1
94 253 1
65 320 1
381 119 1
40 63 1
88 65 1
175 358 1
12 317 1
125 269 1
135 376 1
443 239 1
15 120 1
308 93 1
16 233 1
121 282 1
154 54 1
223 93 1
163 261 1
27 93 1
163 219 1
189 302 1
113 107 1
216 65 1
334 59 1
78 328 1
72 59 1
29 328 1
55 244 1
16 11 1
88 271 1
44 145 1
174 206 1
76 8 1
138 59 1
14 307 1
40 330 1
227 282 1
28 261 1
91 328 1
39 163 1
197 44 1
123 93 1
294 159 1
168 38 1
83 202 1
158 318 1
306 95 1
231 323 1
433 253 1
7 341 1
119 341 1
14 16 1
109 330 1
44 346 1
169 34 1
138 67 1
47 356 1
19 242 1
19 268 1
46 53 1
158 92 1
114 370 1
121 92 1
178 362 1
19 217 1
149 63 1
142 304 1
65 370 1
24 6 1
7 93 1
20 59 1
141 269 1
166 147 1
273 304 1
110 307 1
343 61 1
14 186 1
14 67 1
421 279 1
18 239 1
28 253 1
262 150 1
271 93 1
1 252 1
117 328 1
123 163 1
177 253 1
44 262 1
42 281 1
6 321 1
171 65 1
155 236 1
52 237 1
6 323 1
146 156 1
119 145 1
268 307 1
175 320 1
305 364 1
79 61 1
71 167 1
201 147 1
39 108 1
460 326 1
78 216 1
164 269 1
158 167 1
227 216 1
24 93 1
77 219 1
65 216 1
131 328 1
230 145 1
34 219 1
6 135 1
202 353 1
47 120 1
229 50 1
14 380 1
265 163 1
119 247 1
162 247 1
44 119 1
239 290 1
144 50 1
195 124 1
124 317 1
118 193 1
106 38 1
14 334 1
330 240 1
175 123 1
280 50 1
30 307 1
288 54 1
123 54 1
14 227 1
200 145 1
12 290 1
126 285 1
302 159 1
358 204 1
183 59 1
71 255 1
18 216 1
227 92 1
106 93 1
65 50 1
9 302 1
106 11 1
177 145 1
24 370 1
94 163 1
131 126 1
29 34 1
43 260 1
47 302 1
175 212 1
9 65 1
58 262 1
10 174 1
158 180 1
46 253 1
113 327 1
1 364 1
49 8 1
154 126 1
18 224 1
31 6 1
187 38 1
46 15 1
119 163 1
175 186 1
141 34 1
75 318 1
149 236 1
48 50 1
120 234 1
24 11 1
359 120 1
8 92 1
12 61 1
270 253 1
155 282 1
433 341 1
310 253 1
64 8 1
120 92 1
79 50 1
11 163 1
61 8 1
119 50 1
30 339 1
22 180 1
358 253 1
160 364 1
87 93 1
51 253 1
216 329 1
151 210 1
1 1 1
28 147 1
23 59 1
224 59 1
38 307 1
47 41 1
216 217 1
247 63 1
141 77 1
150 145 1
106 282 1
164 191 1
110 328 1
101 8 1
273 364 1
72 163 1
43 147 1
121 296 1
13 93 1
158 235 1
11 261 1
24 262 1
36 65 1
6 304 1
201 145 1
186 251 1
65 307 1
11 239 1
176 126 1
119 63 1
190 217 1
54 6 1
51 378 1
490 376 1
29 69 1
14 264 1
200 240 1
19 42 1
178 93 1
87 61 1
1 240 1
42 53 1
204 185 1
18 359 1
281 382 1
6 219 1
164 349 1
14 257 1
40 120 1
57 364 1
2 1 1
442 239 1
65 69 1
23 120 1
116 336 1
132 345 1
14 180 1
254 377 1
19 191 1
2 377 1
128 59 1
11 330 1
114 126 1
79 217 1
14 13 1
305 119 1
24 63 1
161 59 1
164 110 1
118 126 1
155 61 1
268 282 1
8 370 1
204 113 1
14 171 1
25 6 1
71 304 1
144 328 1
143 345 1
164 304 1
120 16 1
467 328 1
17 35 1
38 97 1
13 269 1
6 355 1
80 126 1
295 54 1
19 145 1
71 296 1
163 236 1
158 40 1
46 282 1
141 240 1
168 218 1
219 262 1
194 53 1
287 328 1
117 236 1
202 290 1
14 300 1
213 310 1
177 100 1
114 218 1
6 261 1
51 63 1
19 159 1
150 271 1
68 253 1
52 307 1
20 239 1
338 92 1
6 237 1
120 253 1
68 36 1
31 59 1
238 210 1
397 145 1
227 232 1
65 11 1
69 216 1
199 304 1
117 323 1
266 163 1
224 328 1
13 304 1
106 253 1
194 93 1
271 239 1
69 236 1
71 245 1
15 304 1
32 92 1
140 159 1
8 282 1
150 342 1
118 63 1
280 339 1
88 159 1
315 285 1
15 11 1
31 56 1
93 310 1
413 262 1
88 353 1
118 341 1
25 124 1
379 163 1
79 252 1
283 126 1
224 282 1
73 216 1
28 353 1
106 145 1
259 364 1
51 361 1
52 61 1
11 340 1
81 282 1
306 63 1
182 353 1
46 122 1
28 35 1
36 364 1
244 345 1
97 150 1
180 163 1
306 239 1
429 217 1
55 123 1
56 328 1
253 253 1
14 132 1
71 290 1
88 32 1
261 364 1
306 145 1
38 286 1
355 63 1
400 370 1
408 263 1
68 119 1
5 50 1
121 271 1
43 338 1
171 145 1
26 19 1
18 123 1
311 253 1
38 53 1
84 169 1
168 163 1
326 59 1
19 68 1
43 302 1
146 236 1
94 8 1
177 61 1
150 326 1
138 171 1
117 59 1
169 65 1
149 163 1
330 239 1
14 383 1
294 54 1
71 377 1
12 240 1
119 317 1
112 364 1
46 370 1
120 54 1
207 61 1
127 378 1
158 50 1
44 290 1
65 327 1
233 50 1
37 227 1
158 210 1
106 290 1
278 343 1
401 376 1
230 147 1
73 120 1
12 241 1
298 238 1
343 236 1
338 59 1
10 327 1
316 257 1
234 262 1
22 91 1
358 93 1
131 11 1
29 353 1
36 262 1
121 38 1
191 130 1
80 253 1
45 147 1
39 59 1
50 93 1
346 61 1
60 50 1
14 260 1
216 260 1
125 175 1
173 307 1
24 92 1
78 377 1
287 377 1
224 182 1
155 253 1
17 186 1
106 8 1
10 59 1
158 341 1
158 241 1
14 26 1
45 253 1
7 304 1
373 281 1
331 61 1
36 371 1
95 210 1
14 275 1
357 282 1
14 345 1
28 145 1
280 160 1
470 328 1
6 123 1
28 351 1
164 341 1
348 217 1
46 219 1
154 262 1
148 241 1
81 236 1
111 38 1
380 323 1
51 6 1
246 53 1
69 174 1
157 299 1
119 253 1
343 163 1
1 262 1
131 142 1
204 190 1
176 93 1
243 310 1
119 61 1
393 126 1
117 253 1
42 375 1
35 328 1
281 364 1
460 336 1
15 119 1
78 93 1
162 307 1
1 50 1
150 353 1
210 307 1
223 236 1
135 378 1
160 65 1
171 50 1
19 93 1
84 236 1
192 364 1
164 33 1
260 304 1
182 88 1
72 8 1
82 8 1
7 119 1
119 11 1
116 59 1
425 210 1
52 282 1
146 310 1
330 126 1
107 159 1
109 63 1
7 50 1
75 50 1
311 207 1
165 304 1
196 59 1
86 325 1
351 63 1
291 63 1
162 268 1
228 50 1
46 250 1
80 198 1
359 145 1
80 304 1
91 276 1
290 54 1
20 274 1
122 16 1
24 198 1
175 163 1
146 361 1
266 150 1
50 352 1
148 353 1
11 240 1
6 236 1
30 54 1
124 130 1
46 142 1
52 50 1
21 50 1
155 50 1
40 124 1
11 69 1
48 255 1
63 112 1
46 302 1
171 35 1
18 145 1
187 59 1
46 296 1
210 126 1
362 378 1
18 338 1
39 377 1
171 59 1
231 50 1
238 123 1
44 10 1
163 63 1
13 97 1
144 336 1
400 252 1
202 59 1
311 307 1
162 364 1
30 53 1
225 328 1
5 219 1
118 59 1
362 163 1
364 265 1
238 290 1
177 271 1
162 281 1
141 88 1
141 142 1
10 336 1
265 120 1
144 145 1
130 262 1
3 271 1
256 228 1
80 27 1
88 241 1
18 182 1
258 341 1
71 222 1
33 286 1
19 99 1
40 219 1
254 92 1
6 353 1
5 202 1
222 65 1
19 202 1
151 124 1
14 14 1
123 240 1
399 145 1
200 328 1
138 50 1
112 58 1
4 238 1
9 383 1
35 120 1
44 61 1
308 66 1
4 59 1
460 269 1
18 105 1
75 376 1
122 290 1
131 50 1
79 26 1
17 163 1
332 59 1
383 163 1
166 285 1
40 6 1
155 26 1
177 291 1
47 61 1
364 328 1
158 378 1
38 145 1
210 236 1
18 291 1
75 8 1
175 119 1
149 28 1
201 261 1
3 332 1
357 65 1
7 110 1
7 348 1
158 36 1
124 216 1
340 301 1
59 59 1
122 257 1
141 65 1
16 302 1
18 269 1
88 346 1
15 342 1
275 54 1
42 237 1
14 271 1
472 328 1
208 92 1
178 65 1
355 93 1
242 378 1
140 16 1
178 107 1
5 328 1
44 307 1
125 320 1
148 377 1
368 336 1
30 179 1
55 290 1
321 59 1
9 120 1
359 65 1
134 364 1
258 253 1
47 126 1
138 126 1
440 237 1
59 97 1
36 302 1
118 110 1
76 252 1
149 307 1
14 58 1
75 210 1
47 6 1
14 82 1
5 321 1
318 59 1
90 364 1
138 21 1
323 163 1
150 364 1
33 338 1
176 123 1
110 67 1
24 107 1
154 61 1
134 173 1
63 93 1
33 307 1
38 120 1
219 67 1
346 345 1
14 362 1
116 93 1
80 236 1
14 262 1
253 328 1
78 69 1
39 142 1
293 328 1
17 65 1
10 64 1
208 59 1
175 341 1
200 120 1
225 59 1
46 349 1
127 163 1
17 332 1
238 319 1
79 53 1
81 63 1
24 307 1
415 169 1
154 257 1
53 61 1
154 377 1
10 35 1
487 364 1
97 65 1
46 6 1
182 307 1
110 147 1
280 61 1
43 318 1
349 327 1
8 28 1
94 50 1
13 180 1
340 59 1
141 236 1
109 364 1
18 35 1
222 107 1
338 239 1
125 219 1
19 366 1
56 305 1
119 304 1
71 32 1
43 20 1
18 378 1
204 132 1
148 282 1
43 241 1
69 24 1
40 378 1
180 63 1
432 222 1
141 93 1
19 198 1
11 169 1
128 364 1
110 182 1
12 297 1
10 54 1
85 93 1
6 35 1
58 63 1
183 63 1
14 192 1
179 253 1
18 258 1
155 36 1
24 304 1
171 270 1
33 11 1
331 150 1
37 169 1
88 243 1
158 248 1
441 239 1
109 332 1
125 116 1
114 145 1
129 345 1
122 50 1
125 145 1
159 32 1
19 60 1
230 50 1
158 302 1
114 65 1
65 103 1
18 307 1
222 353 1
15 266 1
120 347 1
264 150 1
8 169 1
173 185 1
106 236 1
227 364 1
7 120 1
120 11 1
45 93 1
17 187 1
20 4 1
139 147 1
28 212 1
280 164 1
171 252 1
6 16 1
223 59 1
177 370 1
124 353 1
39 236 1
6 271 1
40 11 1
318 252 1
156 163 1
154 345 1
250 50 1
281 145 1
142 364 1
306 236 1
194 40 1
159 59 1
19 35 1
43 266 1
65 179 1
367 336 1
28 304 1
200 45 1
413 169 1
358 159 1
14 93 1
225 364 1
158 377 1
9 159 1
81 307 1
126 169 1
154 321 1
204 171 1
182 285 1
143 206 1
118 163 1
14 46 1
256 253 1
172 263 1
130 310 1
50 252 1
26 216 1
147 16 1
31 377 1
15 111 1
71 166 1
84 93 1
65 93 1
24 271 1
17 304 1
59 349 1
112 185 1
65 213 1
354 63 1
276 50 1
349 120 1
36 216 1
56 374 1
53 11 1
26 50 1
18 193 1
178 356 1
180 49 1
10 173 1
199 159 1
437 364 1
126 253 1
6 377 1
110 82 1
224 156 1
80 36 1
327 59 1
146 196 1
38 93 1
157 93 1
113 119 1
96 50 1
14 38 1
203 307 1
89 262 1
302 59 1
12 245 1
30 323 1
178 253 1
2 364 1
227 171 1
319 65 1
224 93 1
234 59 1
10 262 1
222 240 1
18 31 1
117 282 1
14 253 1
201 106 1
147 59 1
77 210 1
150 266 1
129 11 1
107 364 1
65 378 1
121 169 1
60 282 1
71 318 1
286 328 1
25 93 1
263 59 1
54 100 1
6 61 1
14 98 1
33 205 1
216 366 1
222 255 1
121 364 1
255 345 1
79 145 1
190 219 1
121 328 1
121 50 1
30 163 1
118 191 1
70 8 1
65 321 1
69 119 1
120 15 1
49 186 1
160 63 1
15 302 1
158 380 1
298 59 1
240 120 1
184 153 1
142 290 1
117 321 1
32 328 1
148 382 1
171 377 1
323 59 1
195 40 1
13 59 1
392 126 1
65 182 1
7 247 1
25 252 1
122 93 1
19 307 1
104 216 1
199 163 1
315 61 1
8 126 1
34 252 1
8 257 1
310 307 1
79 310 1
22 342 1
244 328 1
238 63 1
307 290 1
254 50 1
65 282 1
56 61 1
27 59 1
204 356 1
163 159 1
43 22 1
24 90 1
222 147 1
75 255 1
12 377 1
246 50 1
17 185 1
46 35 1
19 105 1
58 328 1
57 236 1
164 44 1
48 126 1
25 11 1
47 36 1
246 330 1
145 219 1
114 262 1
31 315 1
9 126 1
83 155 1
183 262 1
40 222 1
1 282 1
148 65 1
131 378 1
172 364 1
214 370 1
79 123 1
266 282 1
38 304 1
14 304 1
252 61 1
79 239 1
67 190 1
15 159 1
199 44 1
2 253 1
458 261 1
14 49 1
14 7 1
75 252 1
216 61 1
5 135 1
36 63 1
138 304 1
117 61 1
374 356 1
200 282 1
31 364 1
143 123 1
204 282 1
125 35 1
38 164 1
69 93 1
24 163 1
153 24 1
118 295 1
272 255 1
55 180 1
158 216 1
154 282 1
72 54 1
120 147 1
75 266 1
225 236 1
10 147 1
183 236 1
29 38 1
223 378 1
305 376 1
47 338 1
68 328 1
46 214 1
22 61 1
21 59 1
168 239 1
46 309 1
75 218 1
50 334 1
204 253 1
65 336 1
58 126 1
52 163 1
60 61 1
362 142 1
227 69 1
138 12 1
165 377 1
28 163 1
127 310 1
5 261 1
373 236 1
249 50 1
124 362 1
106 40 1
245 302 1
245 50 1
18 63 1
19 271 1
158 59 1
42 127 1
410 163 1
43 120 1
118 92 1
43 59 1
204 50 1
68 50 1
223 163 1
27 323 1
65 167 1
306 137 1
24 276 1
37 237 1
17 328 1
270 213 1
10 53 1
59 159 1
51 93 1
88 216 1
199 50 1
141 307 1
216 302 1
25 163 1
120 255 1
24 105 1
50 255 1
37 119 1
50 340 1
256 92 1
156 313 1
38 41 1
77 242 1
407 155 1
117 219 1
121 101 1
52 377 1
12 169 1
199 282 1
121 191 1
30 61 1
219 326 1
6 288 1
55 8 1
37 56 1
19 133 1
26 304 1
11 347 1
126 120 1
109 219 1
193 163 1
175 120 1
65 212 1
125 364 1
176 252 1
38 371 1
94 63 1
200 63 1
2 381 1
72 65 1
165 282 1
146 307 1
10 282 1
24 255 1
37 236 1
51 377 1
88 252 1
109 9 1
283 159 1
62 8 1
13 210 1
75 163 1
11 271 1
21 353 1
58 6 1
119 186 1
252 376 1
181 304 1
41 147 1
162 255 1
18 304 1
28 6 1
216 282 1
149 126 1
32 59 1
434 253 1
193 59 1
118 282 1
310 163 1
174 253 1
49 224 1
231 304 1
219 86 1
36 27 1
282 53 1
39 50 1
41 63 1
16 186 1
238 253 1
43 271 1
31 164 1
6 227 1
14 60 1
227 107 1
55 93 1
231 252 1
13 261 1
49 319 1
75 341 1
33 41 1
131 364 1
181 159 1
84 252 1
136 159 1
19 243 1
119 33 1
24 282 1
6 229 1
48 6 1
194 169 1
140 296 1
241 50 1
141 32 1
125 44 1
133 272 1
26 364 1
421 236 1
11 66 1
124 219 1
125 309 1
1 159 1
327 163 1
65 218 1
230 53 1
19 378 1
14 63 1
240 318 1
119 119 1
213 59 1
23 252 1
121 11 1
73 321 1
234 198 1
13 282 1
24 252 1
59 50 1
71 51 1
447 364 1
223 61 1
319 59 1
241 63 1
303 59 1
177 364 1
88 269 1
71 341 1
73 364 1
2 68 1
172 257 1
113 59 1
14 53 1
136 93 1
10 6 1
83 8 1
16 266 1
92 376 1
18 59 1
46 176 1
55 255 1
239 50 1
5 191 1
24 173 1
68 190 1
175 36 1
43 237 1
160 38 1
148 93 1
471 328 1
109 50 1
193 232 1
21 236 1
13 307 1
367 92 1
307 93 1
52 140 1
34 304 1
114 216 1
10 185 1
19 104 1
172 304 1
125 95 1
273 59 1
71 54 1
19 370 1
234 107 1
141 76 1
69 253 1
268 236 1
148 145 1
49 353 1
267 328 1
157 54 1
28 248 1
14 285 1
216 240 1
106 147 1
163 269 1
8 253 1
236 59 1
39 11 1
222 323 1
49 93 1
75 248 1
28 166 1
78 257 1
91 282 1
138 328 1
306 333 1
21 262 1
27 6 1
51 307 1
176 119 1
177 277 1
145 329 1
130 282 1
6 87 1
113 321 1
348 307 1
36 6 1
19 323 1
425 364 1
213 50 1
86 216 1
181 65 1
48 253 1
71 65 1
222 145 1
143 376 1
128 236 1
37 59 1
288 63 1
78 98 1
88 93 1
181 285 1
140 147 1
123 364 1
142 307 1
5 227 1
24 380 1
5 169 1
158 236 1
106 332 1
185 262 1
223 282 1
47 123 1
68 236 1
192 282 1
30 59 1
11 63 1
55 252 1
200 347 1
138 276 1
28 93 1
13 206 1
252 364 1
110 351 1
163 120 1
80 257 1
346 93 1
60 169 1
88 206 1
8 56 1
142 321 1
348 61 1
407 219 1
16 253 1
5 108 1
211 50 1
118 236 1
79 232 1
128 345 1
163 282 1
33 163 1
36 16 1
80 353 1
219 310 1
38 147 1
6 279 1
174 93 1
322 65 1
173 65 1
140 163 1
20 271 1
173 304 1
275 93 1
157 92 1
204 261 1
28 321 1
6 307 1
473 330 1
443 364 1
290 63 1
79 237 1
81 364 1
118 207 1
29 269 1
268 50 1
9 63 1
212 50 1
149 259 1
164 120 1
350 63 1
94 126 1
124 272 1
88 147 1
176 120 1
65 260 1
154 341 1
8 205 1
117 317 1
93 84 1
55 92 1
31 180 1
92 44 1
269 50 1
75 260 1
117 72 1
328 324 1
13 5 1
191 378 1
43 323 1
252 271 1
196 376 1
142 145 1
18 253 1
471 377 1
23 92 1
22 34 1
56 268 1
81 92 1
136 171 1
224 310 1
424 207 1
30 378 1
207 50 1
11 59 1
175 59 1
37 304 1
84 142 1
194 328 1
44 163 1
26 310 1
13 302 1
88 282 1
193 74 1
8 377 1
43 166 1
72 159 1
305 328 1
18 142 1
493 377 1
148 61 1
23 145 1
9 343 1
5 59 1
43 16 1
331 120 1
289 54 1
175 222 1
6 59 1
120 304 1
6 108 1
130 364 1
47 271 1
21 307 1
154 364 1
265 364 1
131 304 1
117 247 1
71 373 1
155 353 1
121 367 1
110 50 1
110 126 1
191 163 1
16 206 1
109 370 1
273 50 1
217 50 1
36 59 1
65 219 1
132 59 1
60 121 1
281 239 1
75 36 1
65 206 1
43 212 1
323 239 1
255 50 1
24 364 1
176 59 1
347 61 1
16 4 1
148 364 1
154 227 1
168 37 1
138 364 1
246 93 1
295 282 1
76 93 1
126 50 1
50 53 1
47 322 1
19 94 1
6 253 1
2 236 1
78 299 1
320 207 1
30 213 1
372 253 1
91 269 1
149 248 1
40 52 1
78 364 1
70 50 1
149 50 1
31 252 1
349 323 1
71 241 1
75 244 1
162 63 1
116 10 1
119 120 1
165 253 1
50 236 1
252 282 1
51 281 1
14 216 1
38 10 1
56 290 1
109 377 1
95 126 1
52 164 1
150 206 1
263 150 1
166 34 1
223 79 1
13 39 1
8 328 1
53 328 1
55 245 1
126 328 1
191 145 1
239 93 1
476 349 1
57 159 1
325 59 1
65 178 1
26 370 1
44 302 1
50 364 1
18 313 1
44 93 1
320 59 1
314 328 1
194 369 1
18 38 1
191 360 1
246 59 1
78 65 1
130 279 1
358 307 1
191 304 1
169 236 1
77 163 1
23 53 1
120 328 1
50 206 1
8 286 1
28 377 1
343 328 1
230 370 1
28 222 1
83 239 1
76 253 1
225 93 1
27 142 1
163 50 1
53 345 1
371 93 1
163 142 1
25 282 1
68 304 1
36 93 1
13 311 1
414 239 1
22 282 1
150 263 1
222 345 1
241 236 1
362 236 1
252 63 1
69 155 1
149 253 1
158 126 1
99 8 1
123 63 1
12 59 1
156 235 1
300 59 1
4 353 1
145 285 1
28 237 1
2 378 1
172 191 1
28 255 1
40 257 1
362 325 1
134 262 1
264 364 1
290 377 1
30 56 1
48 59 1
156 304 1
50 59 1
39 92 1
15 370 1
15 4 1
79 147 1
46 304 1
178 232 1
419 181 1
94 252 1
189 227 1
72 253 1
46 216 1
138 377 1
12 328 1
60 65 1
156 147 1
72 147 1
269 364 1
160 32 1
135 92 1
316 59 1
13 365 1
14 68 1
251 59 1
109 120 1
292 63 1
204 184 1
41 307 1
63 126 1
195 50 1
2 50 1
47 252 1
149 145 1
29 252 1
234 304 1
295 290 1
14 282 1
159 353 1
176 236 1
279 139 1
36 163 1
282 159 1
165 147 1
117 341 1
56 253 1
12 269 1
32 97 1
162 110 1
138 264 1
118 247 1
13 147 1
68 59 1
19 222 1
44 377 1
463 290 1
109 59 1
39 159 1
16 227 1
203 93 1
453 326 1
118 169 1
79 187 1
182 230 1
267 50 1
216 163 1
13 260 1
122 34 1
34 12 1
109 64 1
14 136 1
46 50 1
77 171 1
22 307 1
175 235 1
38 9 1
157 38 1
87 8 1
32 282 1
252 217 1
12 50 1
191 364 1
106 289 1
65 8 1
163 92 1
157 50 1
15 271 1
14 330 1
422 206 1
53 171 1
182 123 1
192 369 1
4 95 1
1 61 1
173 328 1
69 142 1
43 53 1
48 236 1
223 307 1
1 163 1
71 248 1
143 16 1
376 93 1
154 193 1
16 50 1
13 319 1
51 163 1
28 290 1
367 364 1
479 364 1
43 380 1
34 364 1
143 217 1
219 252 1
57 93 1
104 253 1
12 92 1
157 364 1
60 244 1
2 307 1
40 41 1
52 304 1
69 140 1
106 310 1
27 304 1
15 171 1
35 260 1
197 59 1
52 6 1
408 236 1
428 216 1
268 150 1
125 191 1
52 149 1
9 307 1
164 63 1
271 349 1
19 32 1
149 240 1
19 244 1
35 11 1
88 256 1
24 253 1
71 180 1
225 192 1
428 364 1
461 345 1
125 319 1
29 50 1
131 236 1
93 239 1
171 219 1
162 44 1
481 364 1
151 120 1
281 53 1
154 145 1
33 53 1
120 80 1
151 59 1
59 341 1
178 240 1
36 271 1
38 142 1
195 253 1
145 364 1
402 147 1
72 236 1
282 364 1
79 314 1
13 336 1
87 378 1
127 126 1
11 355 1
14 176 1
39 41 1
79 171 1
10 364 1
28 380 1
43 304 1
35 304 1
489 372 1
239 163 1
22 59 1
7 180 1
50 271 1
50 50 1
345 236 1
79 253 1
7 92 1
214 50 1
42 236 1
41 328 1
163 247 1
26 328 1
26 253 1
16 187 1
18 299 1
46 377 1
17 50 1
73 294 1
15 366 1
88 253 1
71 374 1
65 120 1
39 82 1
24 35 1
167 271 1
18 191 1
242 253 1
240 253 1
396 139 1
445 239 1
65 295 1
143 93 1
81 328 1
76 59 1
236 100 1
123 59 1
14 28 1
5 354 1
167 34 1
119 268 1
18 65 1
14 61 1
13 328 1
31 339 1
120 180 1
405 219 1
48 8 1
454 253 1
15 69 1
19 141 1
278 50 1
354 139 1
223 240 1
10 63 1
219 174 1
144 119 1
40 260 1
193 283 1
12 253 1
158 290 1
362 364 1
84 253 1
21 253 1
3 1 1
50 307 1
166 53 1
84 307 1
22 97 1
23 93 1
127 33 1
254 326 1
27 33 1
183 38 1
256 50 1
131 105 1
168 198 1
39 237 1
343 59 1
272 260 1
111 239 1
75 314 1
125 260 1
24 310 1
31 61 1
343 282 1
19 376 1
60 304 1
230 360 1
199 147 1
434 364 1
7 6 1
131 59 1
14 378 1
450 252 1
400 145 1
175 92 1
48 282 1
189 93 1
14 246 1
182 331 1
155 59 1
138 332 1
201 49 1
19 282 1
38 108 1
6 341 1
77 307 1
68 35 1
10 241 1
14 328 1
17 310 1
311 176 1
18 107 1
206 50 1
15 66 1
130 59 1
76 63 1
15 59 1
136 341 1
6 92 1
148 147 1
172 302 1
118 186 1
124 34 1
78 50 1
110 236 1
71 244 1
326 163 1
70 38 1
43 281 1
223 92 1
76 353 1
275 171 1
41 185 1
210 93 1
135 340 1
120 364 1
31 253 1
46 262 1
105 63 1
9 378 1
202 285 1
345 93 1
178 357 1
43 50 1
113 93 1
32 236 1
9 336 1
132 236 1
113 145 1
169 255 1
119 307 1
68 33 1
2 11 1
138 97 1
88 50 1
46 279 1
113 9 1
157 59 1
238 50 1
88 59 1
59 370 1
88 236 1
43 245 1
173 239 1
316 370 1
74 8 1
56 54 1
73 282 1
89 93 1
23 282 1
44 282 1
28 240 1
138 210 1
164 236 1
304 93 1
18 325 1
77 8 1
148 378 1
150 368 1
153 336 1
242 93 1
5 376 1
14 252 1
12 159 1
21 323 1
217 338 1
24 191 1
55 260 1
246 271 1
22 38 1
45 50 1
113 159 1
238 163 1
55 222 1
88 348 1
14 64 1
389 126 1
1 169 1
175 145 1
119 282 1
10 328 1
342 59 1
81 26 1
166 282 1
181 269 1
81 119 1
68 147 1
55 241 1
236 349 1
117 226 1
14 162 1
9 90 1
164 65 1
230 282 1
9 210 1
19 59 1
24 270 1
142 261 1
38 237 1
28 54 1
138 61 1
65 330 1
210 285 1
169 61 1
217 364 1
255 364 1
110 340 1
224 261 1
182 377 1
10 302 1
86 145 1
17 378 1
110 285 1
244 50 1
3 93 1
164 50 1
126 63 1
18 81 1
27 328 1
29 159 1
146 50 1
120 163 1
16 36 1
192 53 1
142 235 1
84 378 1
272 93 1
308 163 1
65 377 1
139 15 1
81 50 1
30 328 1
196 120 1
110 338 1
204 307 1
86 8 1
55 216 1
336 239 1
216 59 1
150 282 1
242 265 1
86 240 1
223 50 1
225 147 1
175 253 1
134 252 1
454 343 1
28 302 1
47 260 1
163 33 1
123 377 1
7 345 1
46 95 1
386 123 1
13 297 1
119 59 1
146 253 1
39 97 1
193 173 1
53 364 1
137 123 1
272 61 1
19 65 1
51 216 1
86 253 1
19 75 1
68 63 1
69 59 1
158 252 1
164 159 1
110 262 1
49 63 1
88 8 1
163 349 1
2 219 1
2 97 1
201 50 1
12 30 1
164 282 1
88 332 1
55 302 1
47 281 1
50 282 1
305 163 1
81 341 1
7 328 1
84 59 1
41 6 1
158 212 1
47 232 1
59 92 1
445 328 1
146 302 1
21 6 1
5 93 1
227 59 1
75 59 1
44 63 1
263 324 1
65 159 1
3 95 1
316 282 1
49 19 1
2 200 1
140 236 1
166 377 1
280 93 1
437 290 1
38 59 1
13 171 1
87 240 1
216 159 1
9 11 1
349 328 1
15 185 1
122 194 1
44 232 1
16 161 1
136 145 1
54 364 1
95 93 1
110 241 1
109 263 1
55 370 1
6 163 1
180 65 1
253 50 1
117 269 1
280 306 1
30 377 1
118 328 1
88 131 1
48 219 1
225 375 1
145 321 1
130 50 1
175 377 1
68 145 1
167 285 1
19 126 1
42 65 1
17 370 1
210 240 1
39 63 1
193 169 1
19 163 1
158 51 1
125 142 1
13 212 1
156 241 1
12 229 1
308 145 1
122 207 1
120 290 1
241 253 1
344 61 1
158 32 1
55 59 1
47 321 1
29 147 1
223 370 1
122 253 1
2 76 1
8 40 1
9 64 1
81 163 1
173 377 1
48 93 1
287 63 1
27 35 1
162 59 1
49 364 1
114 304 1
123 145 1
68 296 1
2 6 1
15 281 1
75 93 1
31 54 1
105 8 1
16 377 1
175 65 1
18 261 1
146 282 1
234 328 1
14 50 1
275 50 1
168 80 1
325 92 1
42 119 1
111 11 1
72 374 1
365 323 1
19 304 1
40 307 1
124 59 1
9 6 1
10 11 1
44 269 1
120 63 1
216 198 1
89 75 1
9 377 1
170 34 1
158 63 1
10 91 1
1 350 1
136 40 1
86 356 1
150 264 1
125 50 1
106 364 1
178 304 1
106 257 1
36 10 1
52 286 1
140 93 1
77 59 1
216 50 1
68 61 1
229 262 1
78 147 1
18 241 1
14 272 1
25 147 1
59 191 1
134 50 1
140 328 1
194 147 1
227 307 1
212 336 1
148 236 1
9 255 1
126 205 1
364 163 1
37 253 1
166 76 1
1 174 1
446 239 1
250 59 1
17 339 1
30 356 1
173 163 1
44 65 1
338 180 0
372 65 0
383 135 0
280 3 0
106 17 0
436 259 0
192 146 0
157 39 0
224 128 0
254 273 0
211 143 0
6 343 0
81 286 0
263 251 0
157 297 0
400 326 0
178 9 0
23 319 0
286 67 0
146 121 0
318 193 0
127 84 0
444 136 0
260 115 0
170 246 0
340 96 0
151 51 0
49 166 0
396 298 0
224 200 0
97 377 0
68 96 0
388 158 0
366 110 0
492 321 0
407 170 0
124 146 0
197 97 0
75 186 0
481 3 0
128 353 0
429 171 0
161 110 0
79 159 0
103 334 0
66 131 0
175 260 0
420 148 0
219 161 0
136 356 0
48 74 0
238 118 0
169 297 0
363 39 0
327 52 0
200 375 0
452 196 0
412 111 0
63 160 0
455 30 0
209 24 0
294 237 0
405 6 0
441 156 0
85 327 0
291 106 0
146 229 0
25 183 0
50 20 0
451 127 0
37 296 0
45 88 0
382 172 0
356 77 0
276 313 0
127 19 0
395 122 0
406 276 0
264 237 0
204 18 0
108 215 0
220 204 0
234 118 0
379 161 0
366 297 0
161 298 0
377 292 0
269 317 0
491 55 0
188 128 0
231 356 0
306 338 0
468 171 0
415 2 0
199 174 0
450 81 0
376 102 0
154 312 0
67 344 0
138 165 0
383 302 0
35 16 0
229 17 0
474 229 0
420 49 0
161 63 0
459 270 0
469 265 0
400 21 0
422 76 0
394 30 0
147 225 0
73 153 0
34 148 0
472 212 0
373 175 0
487 311 0
374 154 0
407 63 0
446 20 0
124 182 0
271 270 0
171 198 0
333 305 0
346 353 0
432 235 0
194 271 0
427 342 0
92 123 0
392 32 0
246 263 0
382 297 0
454 168 0
437 83 0
98 152 0
99 156 0
396 300 0
318 149 0
102 108 0
463 153 0
398 71 0
93 231 0
289 375 0
145 21 0
463 240 0
347 13 0
277 218 0
106 325 0
73 225 0
5 254 0
388 357 0
229 291 0
391 305 0
375 221 0
474 11 0
98 96 0
311 341 0
425 219 0
257 240 0
432 346 0
138 315 0
44 66 0
18 121 0
110 295 0
220 315 0
95 119 0
422 304 0
21 233 0
354 270 0
123 182 0
307 283 0
451 210 0
419 310 0
300 191 0
421 350 0
423 198 0
152 16 0
65 90 0
309 165 0
214 183 0
58 199 0
64 289 0
178 35 0
175 292 0
432 58 0
316 143 0
465 216 0
315 315 0
15 312 0
228 76 0
197 344 0
13 130 0
485 73 0
389 187 0
353 377 0
415 104 0
491 190 0
262 20 0
455 142 0
147 353 0
65 98 0
213 147 0
137 23 0
94 339 0
374 88 0
150 136 0
311 195 0
458 124 0
208 168 0
24 4 0
21 195 0
316 164 0
354 255 0
194 310 0
127 201 0
13 221 0
419 48 0
255 168 0
194 300 0
251 189 0
291 307 0
83 149 0
244 143 0
428 18 0
248 265 0
337 362 0
449 171 0
111 332 0
330 24 0
246 335 0
5 206 0
67 345 0
133 48 0
169 173 0
54 173 0
89 346 0
284 375 0
162 144 0
404 302 0
146 250 0
282 35 0
28 310 0
41 250 0
265 205 0
259 234 0
161 146 0
23 181 0
106 254 0
356 125 0
300 206 0
22 314 0
35 10 0
115 191 0
56 259 0
36 341 0
187 317 0
469 147 0
433 18 0
482 380 0
237 354 0
298 113 0
35 39 0
476 382 0
122 310 0
165 367 0
272 111 0
343 132 0
314 302 0
0 196 0
398 254 0
30 30 0
311 288 0
308 352 0
371 63 0
424 346 0
21 79 0
291 128 0
288 320 0
12 189 0
275 300 0
363 55 0
246 368 0
12 74 0
326 109 0
301 113 0
138 62 0
50 254 0
492 284 0
306 292 0
435 118 0
264 283 0
388 226 0
448 294 0
218 180 0
28 370 0
395 217 0
194 185 0
62 177 0
261 46 0
192 84 0
444 320 0
343 118 0
52 351 0
201 48 0
298 143 0
286 119 0
44 202 0
180 121 0
411 280 0
94 95 0
338 183 0
84 376 0
70 264 0
157 95 0
61 246 0
176 41 0
324 40 0
389 254 0
0 380 0
400 271 0
425 258 0
441 181 0
167 237 0
159 121 0
351 43 0
269 23 0
366 279 0
131 208 0
122 296 0
180 192 0
383 115 0
464 75 0
104 93 0
482 69 0
413 54 0
465 60 0
65 13 0
103 326 0
174 70 0
486 30 0
287 77 0
154 230 0
319 140 0
96 189 0
9 305 0
448 176 0
439 13 0
143 106 0
478 31 0
333 191 0
231 63 0
208 53 0
339 326 0
29 189 0
258 242 0
67 49 0
333 57 0
184 87 0
447 374 0
189 53 0
418 266 0
324 142 0
492 153 0
158 181 0
475 55 0
464 109 0
264 209 0
124 298 0
359 188 0
16 164 0
473 352 0
80 133 0
130 332 0
190 231 0
457 4 0
148 332 0
64 242 0
23 218 0
421 313 0
427 122 0
199 309 0
87 54 0
229 273 0
253 92 0
152 286 0
15 127 0
308 358 0
206 20 0
394 218 0
438 127 0
232 87 0
101 269 0
61 314 0
360 373 0
408 182 0
253 142 0
428 89 0
182 183 0
319 133 0
158 39 0
123 197 0
36 176 0
236 359 0
185 229 0
117 233 0
299 0 0
357 205 0
353 138 0
493 141 0
106 362 0
149 159 0
296 274 0
179 268 0
168 358 0
324 187 0
445 238 0
369 357 0
277 248 0
172 170 0
145 103 0
284 204 0
352 357 0
168 15 0
419 163 0
388 139 0
150 213 0
53 138 0
49 214 0
309 29 0
271 338 0
348 357 0
382 183 0
291 51 0
54 306 0
99 182 0
146 225 0
225 280 0
376 114 0
147 382 0
463 61 0
54 346 0
316 289 0
445 277 0
326 332 0
45 181 0
10 297 0
288 325 0
420 78 0
479 239 0
286 343 0
310 269 0
429 333 0
197 167 0
286 163 0
69 360 0
85 128 0
417 149 0
116 294 0
394 41 0
269 128 0
152 248 0
120 0 0
270 284 0
100 22 0
221 121 0
336 164 0
418 332 0
7 51 0
103 329 0
199 49 0
78 120 0
128 363 0
331 214 0
42 366 0
469 199 0
48 46 0
402 229 0
233 179 0
131 324 0
142 106 0
182 184 0
123 85 0
57 259 0
348 53 0
180 136 0
435 121 0
60 57 0
405 308 0
192 164 0
456 351 0
37 185 0
438 246 0
184 282 0
143 280 0
227 176 0
469 136 0
70 169 0
367 227 0
264 64 0
26 179 0
319 290 0
183 221 0
375 373 0
72 334 0
102 145 0
240 18 0
208 36 0
268 243 0
350 318 0
383 17 0
225 134 0
245 136 0
172 316 0
305 38 0
173 331 0
326 312 0
289 317 0
3 305 0
125 316 0
251 172 0
245 199 0
55 324 0
242 125 0
247 187 0
465 159 0
327 332 0
471 321 0
22 283 0
301 23 0
93 302 0
241 358 0
443 26 0
443 14 0
108 71 0
276 374 0
116 0 0
93 355 0
459 75 0
411 157 0
339 252 0
74 175 0
389 272 0
364 49 0
241 126 0
213 141 0
70 196 0
353 69 0
103 45 0
261 227 0
28 287 0
277 252 0
248 147 0
340 125 0
66 74 0
449 47 0
100 191 0
96 316 0
102 281 0
346 214 0
419 222 0
137 214 0
316 65 0
9 38 0
284 329 0
413 277 0
16 8 0
93 186 0
448 189 0
195 23 0
113 154 0
275 283 0
448 122 0
139 239 0
57 53 0
49 196 0
48 178 0
63 105 0
397 300 0
178 184 0
309 182 0
198 122 0
206 162 0
307 340 0
50 246 0
455 346 0
4 94 0
124 172 0
205 92 0
333 93 0
154 4 0
111 77 0
256 372 0
444 134 0
355 142 0
352 68 0
291 261 0
301 309 0
254 222 0
98 154 0
245 10 0
391 118 0
160 262 0
334 272 0
29 48 0
9 148 0
157 120 0
450 374 0
306 97 0
258 80 0
428 14 0
125 115 0
467 334 0
320 148 0
47 105 0
187 337 0
265 267 0
283 292 0
33 102 0
76 31 0
472 113 0
253 371 0
35 108 0
319 150 0
153 149 0
221 289 0
355 1 0
277 114 0
83 104 0
396 163 0
160 295 0
186 258 0
382 289 0
308 19 0
269 290 0
465 129 0
328 220 0
250 273 0
157 69 0
154 149 0
430 277 0
17 177 0
351 213 0
186 230 0
58 302 0
233 306 0
306 228 0
40 27 0
292 82 0
263 279 0
395 280 0
347 355 0
347 92 0
357 71 0
444 18 0
400 119 0
183 35 0
441 260 0
181 32 0
419 8 0
379 70 0
343 324 0
202 188 0
102 244 0
261 212 0
302 288 0
390 121 0
147 128 0
78 127 0
347 316 0
156 289 0
245 305 0
128 302 0
265 66 0
64 62 0
67 232 0
343 273 0
144 381 0
83 42 0
53 230 0
449 1 0
323 262 0
9 208 0
126 47 0
230 71 0
220 100 0
377 139 0
10 146 0
183 200 0
138 278 0
463 212 0
428 369 0
120 71 0
427 373 0
22 0 0
457 258 0
91 108 0
236 124 0
454 302 0
108 172 0
123 13 0
211 314 0
483 334 0
166 25 0
455 337 0
44 154 0
435 102 0
18 348 0
424 327 0
1 207 0
56 252 0
397 220 0
482 34 0
94 71 0
238 42 0
57 380 0
315 314 0
422 330 0
26 175 0
154 67 0
6 256 0
123 186 0
473 24 0
79 249 0
380 129 0
93 32 0
263 309 0
41 115 0
93 240 0
382 115 0
316 7 0
450 132 0
292 152 0
479 76 0
235 268 0
478 193 0
65 255 0
62 267 0
291 369 0
2 195 0
431 224 0
26 117 0
313 337 0
23 238 0
283 278 0
25 217 0
150 323 0
259 34 0
39 16 0
126 337 0
141 349 0
119 150 0
78 73 0
443 244 0
383 248 0
68 143 0
338 119 0
289 119 0
316 152 0
136 129 0
409 170 0
482 9 0
301 241 0
271 201 0
368 157 0
132 243 0
239 369 0
200 211 0
258 300 0
367 42 0
326 345 0
455 243 0
115 83 0
136 101 0
339 360 0
164 11 0
159 285 0
63 177 0
493 284 0
78 360 0
237 160 0
119 149 0
268 7 0
248 89 0
36 178 0
440 297 0
278 66 0
176 104 0
30 200 0
334 26 0
391 309 0
200 372 0
248 36 0
111 215 0
67 175 0
200 301 0
361 338 0
73 178 0
384 26 0
119 270 0
392 366 0
268 61 0
462 328 0
73 84 0
99 169 0
389 117 0
409 60 0
56 194 0
415 28 0
439 380 0
230 379 0
427 133 0
151 358 0
301 229 0
15 58 0
408 358 0
248 335 0
291 207 0
249 95 0
376 19 0
69 377 0
311 349 0
442 94 0
444 26 0
308 42 0
163 114 0
476 180 0
264 40 0
275 289 0
161 16 0
196 267 0
457 56 0
133 154 0
204 89 0
276 163 0
201 202 0
373 59 0
242 350 0
122 252 0
125 86 0
141 229 0
246 184 0
52 106 0
130 42 0
240 376 0
170 1 0
308 62 0
442 342 0
67 66 0
238 45 0
465 276 0
298 372 0
200 358 0
374 192 0
317 86 0
53 253 0
442 357 0
358 250 0
73 363 0
104 374 0
150 41 0
405 298 0
268 11 0
425 46 0
422 196 0
64 108 0
457 120 0
58 58 0
392 165 0
22 144 0
475 367 0
393 50 0
211 38 0
491 125 0
42 217 0
344 68 0
323 240 0
395 164 0
377 188 0
341 139 0
279 187 0
412 322 0
245 59 0
411 300 0
330 1 0
316 286 0
40 319 0
268 4 0
107 212 0
331 91 0
425 183 0
438 206 0
218 54 0
11 314 0
278 133 0
9 127 0
163 81 0
365 237 0
307 102 0
99 137 0
413 181 0
232 193 0
219 312 0
111 83 0
194 266 0
384 78 0
484 83 0
351 159 0
30 344 0
450 293 0
471 286 0
159 308 0
361 273 0
267 102 0
35 52 0
292 349 0
294 111 0
33 116 0
203 263 0
331 181 0
289 70 0
338 258 0
250 235 0
486 334 0
129 333 0
173 130 0
472 377 0
290 167 0
411 195 0
54 31 0
84 166 0
287 378 0
70 100 0
269 64 0
467 310 0
72 0 0
176 288 0
430 94 0
259 296 0
383 377 0
328 302 0
371 172 0
451 123 0
20 374 0
290 82 0
206 254 0
224 148 0
207 194 0
486 375 0
44 348 0
465 268 0
454 373 0
173 41 0
258 182 0
252 285 0
463 133 0
138 145 0
82 283 0
277 188 0
87 321 0
228 100 0
108 264 0
242 88 0
335 129 0
220 74 0
313 277 0
288 259 0
121 331 0
244 87 0
262 188 0
230 100 0
124 169 0
468 18 0
275 178 0
359 100 0
284 17 0
395 361 0
393 289 0
220 32 0
214 57 0
87 9 0
340 192 0
109 339 0
57 207 0
256 224 0
449 151 0
404 349 0
69 342 0
268 328 0
104 71 0
67 30 0
95 138 0
284 176 0
61 244 0
315 313 0
137 20 0
221 312 0
224 91 0
361 30 0
66 150 0
164 0 0
473 116 0
179 107 0
171 94 0
386 158 0
179 271 0
324 16 0
316 294 0
270 318 0
32 268 0
347 29 0
17 321 0
197 247 0
338 301 0
184 93 0
28 246 0
290 345 0
174 269 0
48 220 0
414 50 0
199 69 0
259 1 0
330 122 0
242 119 0
413 244 0
254 86 0
100 118 0
410 44 0
268 350 0
448 151 0
312 26 0
455 40 0
255 376 0
67 328 0
453 0 0
299 306 0
277 44 0
29 52 0
314 30 0
477 61 0
454 189 0
404 364 0
393 302 0
2 170 0
214 203 0
307 105 0
417 51 0
299 232 0
276 272 0
173 14 0
153 163 0
222 156 0
434 173 0
399 126 0
160 9 0
292 171 0
395 186 0
422 21 0
266 323 0
390 363 0
231 100 0
233 342 0
144 317 0
457 307 0
110 93 0
221 316 0
48 264 0
294 284 0
12 102 0
203 209 0
145 316 0
285 29 0
452 335 0
212 328 0
377 330 0
23 202 0
277 107 0
91 223 0
7 14 0
327 70 0
49 327 0
361 49 0
70 336 0
118 10 0
112 2 0
134 14 0
415 229 0
7 299 0
131 379 0
247 186 0
478 79 0
283 216 0
153 53 0
481 285 0
233 74 0
286 310 0
428 354 0
255 26 0
274 180 0
312 362 0
77 205 0
368 48 0
417 166 0
84 282 0
399 123 0
55 175 0
454 201 0
191 350 0
238 213 0
29 76 0
428 150 0
295 72 0
240 259 0
336 122 0
74 98 0
14 350 0
109 37 0
387 12 0
97 46 0
489 367 0
408 122 0
217 121 0
104 21 0
211 176 0
66 65 0
25 172 0
298 116 0
220 337 0
423 48 0
315 108 0
380 199 0
25 231 0
419 93 0
174 44 0
454 83 0
341 147 0
133 380 0
235 90 0
66 358 0
110 212 0
316 75 0
487 296 0
197 185 0
51 204 0
292 33 0
403 109 0
122 380 0
87 313 0
65 310 0
343 215 0
202 287 0
251 120 0
110 32 0
71 118 0
356 15 0
279 367 0
374 301 0
455 354 0
442 66 0
373 15 0
20 10 0
172 125 0
325 8 0
427 155 0
227 306 0
389 265 0
358 251 0
289 254 0
482 302 0
22 291 0
348 318 0
452 369 0
366 46 0
23 279 0
270 100 0
472 255 0
259 265 0
303 299 0
378 307 0
326 55 0
348 232 0
494 73 0
277 381 0
100 26 0
85 299 0
387 70 0
194 44 0
12 250 0
360 179 0
162 278 0
340 74 0
150 28 0
385 65 0
451 1 0
421 9 0
442 352 0
353 40 0
13 80 0
429 301 0
84 217 0
227 104 0
466 301 0
398 342 0
401 60 0
217 223 0
92 234 0
347 318 0
86 0 0
48 203 0
360 31 0
298 308 0
421 276 0
218 3 0
340 131 0
286 132 0
453 362 0
400 117 0
56 103 0
488 258 0
116 188 0
351 364 0
225 146 0
36 166 0
263 26 0
206 327 0
375 12 0
295 261 0
396 263 0
385 382 0
87 294 0
18 198 0
174 139 0
153 311 0
304 54 0
346 154 0
199 380 0
105 146 0
173 134 0
193 18 0
480 79 0
339 341 0
324 44 0
16 56 0
123 234 0
247 84 0
459 257 0
84 281 0
20 157 0
455 47 0
337 174 0
469 15 0
457 42 0
34 373 0
71 60 0
376 127 0
145 366 0
225 180 0
393 148 0
109 12 0
481 344 0
114 134 0
62 315 0
458 311 0
162 168 0
141 41 0
323 242 0
136 160 0
333 217 0
169 26 0
319 275 0
408 379 0
64 44 0
281 162 0
92 250 0
24 291 0
386 289 0
311 355 0
369 265 0
462 241 0
124 380 0
131 210 0
471 335 0
361 289 0
17 67 0
417 251 0
400 315 0
226 233 0
29 232 0
86 324 0
476 0 0
6 381 0
161 376 0
488 123 0
9 238 0
252 186 0
335 26 0
87 363 0
202 201 0
436 92 0
150 174 0
175 247 0
447 50 0
119 358 0
169 143 0
227 84 0
256 330 0
362 74 0
404 54 0
409 39 0
234 17 0
265 148 0
420 374 0
435 71 0
419 344 0
209 118 0
128 297 0
28 3 0
219 212 0
431 7 0
291 249 0
95 223 0
42 107 0
345 155 0
373 11 0
461 285 0
421 240 0
120 139 0
462 295 0
190 57 0
225 111 0
36 270 0
251 322 0
378 216 0
340 9 0
212 78 0
306 92 0
296 4 0
311 187 0
269 60 0
267 262 0
55 127 0
488 75 0
324 52 0
215 358 0
328 5 0
283 369 0
72 289 0
120 193 0
471 54 0
137 89 0
358 69 0
129 160 0
259 226 0
437 337 0
136 280 0
202 130 0
408 145 0
314 299 0
146 292 0
357 194 0
81 27 0
153 99 0
124 12 0
136 209 0
146 291 0
336 38 0
206 231 0
303 288 0
183 360 0
147 183 0
359 29 0
261 264 0
460 45 0
470 185 0
242 77 0
447 342 0
411 149 0
83 221 0
270 355 0
44 28 0
206 16 0
217 309 0
102 126 0
85 293 0
463 168 0
208 258 0
109 104 0
192 305 0
161 243 0
210 108 0
422 317 0
423 124 0
49 233 0
347 89 0
77 354 0
484 128 0
303 174 0
151 208 0
379 144 0
256 263 0
237 154 0
440 121 0
293 355 0
489 33 0
397 180 0
9 9 0
484 164 0
114 106 0
224 306 0
415 8 0
374 236 0
351 12 0
122 21 0
400 141 0
228 148 0
259 207 0
487 201 0
77 9 0
393 108 0
132 310 0
448 29 0
488 282 0
334 276 0
236 38 0
117 12 0
427 268 0
353 139 0
112 170 0
365 55 0
106 208 0
258 210 0
95 39 0
348 195 0
259 19 0
243 280 0
470 310 0
441 107 0
414 49 0
161 89 0
335 382 0
347 237 0
431 143 0
242 348 0
335 209 0
57 13 0
358 137 0
221 126 0
330 87 0
387 10 0
357 256 0
164 354 0
207 88 0
474 136 0
133 74 0
345 279 0
109 272 0
449 109 0
359 287 0
303 131 0
309 92 0
376 174 0
338 322 0
221 85 0
472 54 0
144 350 0
488 155 0
491 82 0
34 311 0
120 83 0
309 243 0
261 221 0
195 314 0
229 256 0
413 256 0
446 154 0
269 254 0
208 126 0
293 77 0
409 34 0
102 21 0
479 258 0
378 337 0
416 148 0
439 178 0
323 246 0
431 66 0
260 223 0
40 381 0
304 245 0
205 249 0
251 166 0
299 253 0
405 270 0
62 128 0
293 225 0
127 57 0
284 317 0
355 42 0
96 61 0
371 331 0
41 28 0
397 310 0
96 174 0
121 36 0
112 307 0
472 363 0
52 166 0
401 222 0
137 54 0
443 173 0
160 236 0
59 158 0
443 354 0
129 67 0
288 251 0
474 288 0
160 296 0
88 278 0
426 346 0
345 309 0
348 248 0
22 231 0
411 123 0
337 165 0
470 68 0
278 121 0
45 75 0
390 346 0
321 35 0
66 80 0
347 157 0
262 14 0
463 239 0
363 101 0
474 206 0
251 352 0
343 278 0
386 300 0
29 222 0
23 295 0
182 164 0
281 204 0
320 161 0
198 317 0
225 124 0
51 198 0
16 72 0
76 83 0
307 132 0
243 326 0
313 210 0
259 74 0
418 135 0
385 158 0
3 54 0
413 73 0
366 244 0
85 268 0
422 334 0
125 47 0
199 382 0
10 211 0
244 291 0
59 173 0
165 76 0
237 189 0
425 196 0
377 80 0
112 222 0
419 325 0
408 329 0
120 306 0
342 165 0
486 161 0
434 365 0
257 47 0
367 147 0
202 328 0
223 116 0
313 52 0
406 296 0
415 246 0
451 79 0
144 26 0
396 54 0
418 275 0
269 273 0
326 88 0
310 50 0
70 287 0
63 45 0
286 230 0
404 303 0
388 358 0
248 145 0
455 112 0
108 339 0
193 370 0
19 121 0
325 314 0
466 285 0
99 237 0
471 198 0
367 290 0
292 321 0
180 382 0
246 91 0
132 366 0
469 290 0
126 94 0
88 19 0
449 344 0
84 120 0
207 16 0
20 117 0
195 46 0
349 193 0
27 16 0
260 130 0
286 116 0
382 101 0
295 127 0
490 69 0
259 168 0
203 63 0
256 380 0
48 292 0
214 131 0
273 268 0
461 144 0
215 333 0
242 275 0
471 107 0
237 365 0
407 132 0
177 283 0
294 67 0
451 147 0
121 65 0
447 221 0
229 20 0
459 169 0
304 126 0
98 207 0
48 335 0
147 346 0
304 202 0
289 212 0
326 18 0
31 314 0
233 189 0
261 166 0
140 241 0
138 130 0
218 360 0
472 287 0
76 256 0
277 208 0
161 350 0
161 216 0
492 189 0
251 236 0
121 170 0
69 255 0
253 203 0
35 133 0
396 76 0
330 17 0
313 77 0
61 218 0
155 264 0
470 213 0
210 245 0
176 160 0
102 239 0
482 11 0
319 5 0
458 339 0
291 327 0
415 133 0
208 154 0
236 380 0
160 19 0
267 8 0
156 266 0
51 234 0
301 87 0
232 343 0
273 153 0
293 113 0
78 91 0
37 172 0
420 350 0
355 65 0
370 108 0
206 142 0
362 148 0
435 332 0
425 166 0
275 160 0
367 369 0
129 38 0
289 16 0
56 309 0
229 286 0
294 185 0
312 293 0
427 311 0
294 290 0
53 179 0
113 108 0
78 140 0
279 126 0
319 289 0
301 181 0
217 377 0
74 63 0
107 124 0
297 220 0
98 215 0
180 248 0
331 258 0
421 233 0
296 137 0
323 139 0
432 233 0
420 255 0
201 310 0
365 376 0
20 248 0
11 374 0
384 219 0
365 90 0
61 281 0
178 115 0
185 371 0
249 376 0
486 168 0
306 132 0
152 23 0
115 202 0
59 279 0
82 292 0
400 207 0
467 302 0
464 277 0
28 235 0
39 271 0
312 90 0
91 353 0
37 287 0
40 67 0
176 273 0
51 222 0
160 74 0
217 104 0
82 246 0
148 315 0
107 92 0
299 284 0
202 209 0
306 212 0
65 245 0
321 227 0
108 322 0
477 357 0
204 338 0
290 195 0
426 276 0
310 211 0
314 22 0
374 148 0
217 138 0
212 22 0
408 375 0
263 239 0
61 19 0
301 201 0
234 290 0
203 281 0
231 23 0
486 149 0
415 105 0
17 85 0
297 111 0
254 344 0
147 44 0
191 84 0
167 56 0
154 154 0
218 36 0
330 266 0
356 354 0
368 379 0
418 178 0
373 284 0
25 259 0
174 243 0
16 107 0
472 9 0
128 273 0
421 136 0
490 174 0
53 335 0
89 138 0
96 135 0
193 349 0
78 338 0
27 148 0
344 316 0
72 280 0
168 160 0
49 230 0
340 122 0
373 165 0
134 127 0
311 235 0
305 153 0
124 352 0
159 12 0
488 59 0
302 96 0
455 380 0
358 138 0
401 217 0
414 123 0
337 130 0
193 218 0
386 139 0
24 285 0
246 242 0
440 152 0
16 221 0
46 197 0
235 358 0
438 96 0
60 98 0
6 197 0
467 72 0
303 85 0
213 177 0
193 24 0
150 249 0
253 368 0
79 382 0
97 164 0
204 149 0
478 156 0
460 26 0
434 16 0
277 377 0
270 88 0
190 180 0
274 94 0
290 6 0
334 146 0
432 54 0
318 69 0
78 20 0
275 292 0
61 126 0
353 275 0
210 326 0
74 65 0
420 219 0
379 74 0
349 96 0
145 177 0
287 74 0
357 120 0
156 94 0
122 363 0
152 214 0
338 140 0
333 272 0
399 117 0
459 102 0
101 334 0
194 20 0
429 319 0
296 75 0
176 368 0
79 27 0
281 314 0
206 5 0
91 15 0
370 106 0
67 349 0
244 273 0
257 135 0
258 233 0
432 195 0
182 274 0
437 20 0
244 207 0
461 198 0
124 174 0
426 362 0
407 184 0
353 165 0
405 277 0
130 193 0
445 274 0
425 0 0
310 274 0
183 348 0
318 131 0
145 243 0
333 108 0
216 164 0
167 182 0
156 14 0
214 265 0
342 318 0
458 362 0
368 88 0
334 342 0
184 378 0
24 78 0
108 52 0
241 319 0
217 18 0
341 288 0
237 221 0
189 253 0
155 66 0
238 365 0
77 224 0
109 357 0
312 262 0
235 374 0
157 13 0
479 305 0
54 281 0
253 260 0
388 294 0
372 271 0
123 161 0
27 30 0
458 38 0
231 160 0
471 327 0
284 163 0
67 110 0
142 141 0
108 143 0
250 130 0
5 234 0
176 164 0
393 151 0
171 13 0
87 263 0
95 159 0
491 110 0
397 59 0
408 246 0
321 141 0
290 216 0
130 250 0
294 217 0
413 162 0
440 145 0
334 24 0
219 126 0
484 37 0
420 127 0
396 40 0
284 55 0
394 370 0
156 198 0
70 144 0
229 327 0
90 358 0
302 356 0
2 365 0
125 357 0
333 298 0
471 135 0
43 247 0
29 129 0
23 253 0
86 340 0
293 296 0
350 260 0
406 262 0
74 97 0
413 213 0
490 154 0
295 125 0
71 151 0
442 290 0
222 0 0
327 76 0
48 16 0
153 250 0
197 195 0
286 158 0
370 31 0
454 295 0
230 48 0
94 286 0
214 66 0
225 155 0
290 214 0
179 366 0
306 310 0
77 209 0
429 170 0
252 221 0
121 312 0
71 375 0
279 135 0
442 21 0
388 11 0
288 279 0
288 160 0
132 148 0
59 180 0
472 36 0
108 13 0
390 328 0
165 10 0
248 354 0
351 339 0
53 189 0
360 311 0
167 15 0
199 353 0
218 338 0
417 229 0
215 331 0
127 342 0
43 352 0
58 155 0
473 274 0
370 293 0
90 10 0
384 293 0
425 208 0
115 74 0
276 243 0
52 9 0
15 356 0
255 208 0
494 0 0
492 293 0
201 218 0
86 114 0
9 131 0
190 251 0
433 190 0
256 284 0
349 15 0
481 288 0
398 160 0
156 323 0
377 277 0
389 28 0
296 311 0
326 9 0
228 290 0
253 28 0
274 283 0
103 296 0
402 362 0
263 310 0
168 49 0
256 331 0
377 150 0
152 127 0
32 222 0
98 166 0
122 278 0
370 381 0
149 235 0
353 211 0
405 203 0
82 192 0
192 66 0
405 302 0
239 71 0
191 244 0
290 0 0
36 78 0
482 110 0
117 187 0
173 37 0
327 14 0
324 71 0
402 163 0
389 371 0
318 42 0
347 357 0
273 123 0
69 268 0
14 4 0
71 18 0
439 272 0
29 32 0
129 315 0
135 324 0
451 252 0
385 127 0
43 60 0
478 82 0
435 5 0
2 367 0
335 375 0
36 286 0
127 303 0
209 263 0
465 324 0
332 202 0
404 63 0
73 86 0
348 210 0
489 228 0
105 118 0
136 304 0
438 365 0
343 220 0
173 121 0
184 120 0
362 294 0
310 272 0
295 159 0
7 232 0
239 128 0
490 127 0
33 63 0
222 62 0
279 192 0
435 33 0
140 119 0
319 279 0
59 182 0
344 103 0
238 331 0
40 337 0
354 250 0
418 171 0
66 297 0
412 356 0
472 30 0
133 44 0
437 217 0
53 35 0
139 133 0
121 2 0
101 288 0
220 159 0
170 274 0
198 205 0
491 270 0
81 18 0
473 354 0
136 237 0
138 180 0
285 304 0
261 226 0
490 164 0
409 258 0
23 204 0
477 158 0
423 62 0
196 287 0
223 326 0
482 246 0
464 290 0
337 354 0
353 149 0
30 309 0
293 343 0
411 91 0
136 254 0
243 120 0
69 159 0
472 162 0
418 170 0
473 315 0
423 42 0
102 269 0
12 10 0
132 187 0
392 51 0
441 173 0
50 202 0
229 184 0
284 166 0
474 233 0
172 154 0
298 195 0
460 87 0
213 323 0
139 275 0
421 25 0
284 46 0
22 88 0
264 381 0
470 166 0
10 361 0
476 136 0
201 32 0
372 349 0
22 265 0
398 77 0
345 189 0
395 333 0
32 301 0
345 312 0
232 97 0
356 139 0
185 87 0
227 118 0
36 148 0
154 214 0
381 85 0
147 189 0
191 150 0
397 22 0
85 39 0
43 337 0
328 208 0
273 256 0
232 47 0
257 157 0
240 187 0
38 344 0
28 184 0
386 184 0
235 372 0
268 152 0
128 74 0
292 356 0
304 352 0
400 98 0
55 350 0
241 8 0
140 138 0
60 100 0
31 200 0
443 7 0
165 342 0
305 131 0
327 237 0
244 168 0
254 241 0
359 176 0
467 229 0
165 303 0
157 329 0
458 97 0
163 297 0
361 327 0
141 345 0
67 377 0
473 280 0
145 116 0
138 10 0
451 321 0
480 366 0
471 80 0
181 338 0
243 359 0
178 373 0
125 222 0
277 261 0
270 57 0
25 30 0
218 181 0
475 84 0
209 86 0
86 335 0
315 202 0
103 11 0
430 339 0
209 371 0
381 270 0
378 319 0
473 345 0
158 342 0
435 281 0
24 318 0
345 1 0
384 380 0
471 64 0
456 277 0
263 158 0
304 380 0
159 215 0
222 334 0
239 1 0
36 257 0
55 380 0
226 196 0
246 140 0
338 307 0
253 123 0
460 62 0
33 79 0
408 240 0
253 312 0
267 145 0
251 54 0
36 66 0
84 239 0
423 29 0
208 87 0
328 201 0
268 245 0
275 88 0
196 138 0
355 305 0
147 83 0
332 91 0
315 274 0
168 357 0
339 248 0
133 13 0
465 312 0
246 237 0
336 368 0
202 115 0
259 231 0
175 255 0
203 313 0
60 306 0
273 372 0
235 285 0
206 277 0
89 228 0
421 286 0
64 51 0
470 288 0
478 198 0
98 131 0
279 195 0
171 124 0
181 165 0
11 50 0
164 171 0
157 71 0
44 329 0
236 293 0
45 360 0
482 140 0
494 192 0
301 375 0
263 183 0
456 294 0
411 65 0
87 154 0
326 17 0
79 141 0
362 356 0
332 209 0
188 352 0
79 208 0
247 214 0
370 308 0
324 266 0
477 20 0
421 168 0
226 283 0
435 2 0
382 190 0
189 81 0
272 241 0
233 59 0
382 10 0
345 104 0
247 209 0
194 210 0
258 33 0
49 339 0
432 163 0
205 250 0
488 91 0
386 324 0
48 152 0
11 141 0
448 315 0
151 64 0
176 34 0
346 171 0
23 220 0
468 172 0
405 376 0
5 319 0
224 353 0
403 270 0
73 297 0
9 196 0
458 182 0
369 330 0
400 211 0
95 271 0
487 359 0
209 205 0
35 36 0
97 274 0
255 53 0
293 373 0
437 45 0
242 122 0
230 118 0
273 140 0
226 55 0
243 220 0
251 220 0
310 178 0
344 307 0
249 313 0
202 80 0
446 172 0
40 368 0
208 243 0
245 369 0
322 84 0
230 33 0
177 293 0
17 56 0
174 171 0
68 194 0
366 267 0
5 300 0
68 301 0
212 15 0
293 287 0
347 245 0
123 84 0
169 293 0
239 257 0
494 301 0
315 128 0
168 148 0
267 18 0
137 297 0
343 323 0
458 12 0
317 205 0
466 360 0
41 90 0
181 360 0
257 227 0
234 227 0
103 374 0
32 341 0
300 126 0
31 11 0
114 365 0
134 107 0
264 163 0
340 268 0
487 344 0
335 149 0
228 124 0
195 68 0
150 34 0
146 357 0
406 173 0
460 56 0
312 186 0
183 28 0
420 84 0
408 354 0
309 1 0
429 361 0
400 313 0
102 123 0
365 319 0
403 371 0
462 206 0
360 377 0
162 171 0
264 342 0
360 93 0
233 298 0
183 335 0
441 370 0
151 244 0
435 183 0
131 325 0
220 362 0
204 256 0
286 207 0
359 237 0
453 320 0
265 266 0
484 176 0
62 353 0
126 296 0
312 4 0
433 154 0
231 22 0
394 148 0
202 88 0
403 323 0
261 51 0
187 250 0
207 11 0
341 243 0
116 61 0
476 287 0
367 352 0
201 302 0
118 336 0
156 1 0
12 303 0
185 35 0
491 280 0
77 21 0
51 368 0
488 346 0
358 187 0
314 150 0
472 379 0
482 353 0
274 70 0
493 26 0
295 110 0
460 31 0
184 51 0
101 296 0
125 77 0
461 373 0
209 376 0
284 196 0
363 203 0
450 74 0
97 239 0
314 10 0
276 288 0
41 295 0
253 299 0
172 66 0
332 239 0
470 137 0
9 16 0
204 114 0
260 276 0
360 118 0
138 181 0
98 279 0
230 79 0
444 51 0
29 170 0
80 279 0
64 141 0
465 270 0
341 179 0
260 294 0
203 246 0
343 17 0
26 378 0
492 262 0
156 379 0
58 197 0
376 36 0
103 27 0
28 357 0
373 109 0
138 96 0
52 169 0
275 309 0
101 224 0
142 109 0
107 218 0
486 133 0
293 107 0
221 158 0
106 185 0
128 323 0
492 297 0
402 180 0
114 33 0
226 72 0
273 106 0
316 225 0
169 181 0
202 309 0
246 366 0
445 250 0
478 188 0
425 150 0
410 65 0
58 142 0
258 7 0
482 93 0
58 183 0
352 128 0
494 94 0
15 129 0
232 95 0
476 231 0
390 253 0
298 127 0
418 111 0
77 17 0
253 99 0
411 277 0
135 83 0
230 134 0
51 354 0
272 1 0
194 89 0
471 16 0
187 137 0
238 85 0
323 370 0
134 79 0
49 268 0
443 296 0
92 330 0
60 3 0
101 254 0
36 376 0
36 79 0
370 250 0
186 21 0
38 243 0
44 210 0
304 46 0
130 5 0
10 246 0
199 67 0
210 129 0
405 166 0
129 178 0
1 96 0
67 357 0
214 276 0
427 213 0
398 286 0
249 255 0
236 48 0
162 148 0
374 238 0
427 107 0
428 372 0
336 138 0
479 25 0
172 102 0
137 328 0
454 237 0
451 221 0
463 112 0
484 250 0
86 267 0
199 104 0
368 147 0
417 169 0
368 35 0
274 108 0
398 232 0
238 32 0
179 30 0
300 309 0
492 12 0
293 344 0
337 277 0
27 174 0
90 357 0
437 142 0
324 116 0
377 54 0
80 146 0
152 152 0
452 54 0
492 112 0
202 341 0
424 356 0
345 199 0
257 52 0
305 64 0
198 335 0
450 303 0
357 36 0
428 102 0
318 102 0
361 366 0
328 328 0
174 347 0
50 80 0
190 58 0
56 241 0
478 20 0
448 240 0
7 13 0
92 361 0
285 94 0
421 74 0
309 5 0
217 49 0
296 339 0
374 14 0
267 321 0
168 275 0
319 223 0
165 365 0
429 110 0
268 270 0
473 2 0
472 251 0
304 199 0
364 184 0
416 119 0
98 127 0
272 52 0
200 343 0
191 52 0
342 58 0
382 253 0
407 330 0
347 72 0
395 287 0
461 349 0
99 278 0
432 249 0
234 62 0
170 87 0
375 268 0
147 37 0
96 288 0
232 227 0
353 329 0
284 6 0
360 24 0
337 204 0
295 178 0
34 270 0
26 51 0
68 108 0
394 159 0
431 35 0
331 354 0
356 100 0
129 189 0
139 243 0
414 26 0
407 21 0
470 252 0
312 341 0
143 66 0
154 13 0
113 359 0
138 33 0
285 87 0
224 149 0
263 266 0
6 118 0
366 105 0
314 215 0
123 122 0
351 371 0
135 235 0
348 289 0
108 243 0
68 329 0
234 203 0
126 210 0
378 148 0
267 355 0
364 191 0
462 281 0
177 37 0
189 238 0
444 124 0
404 33 0
60 283 0
34 296 0
335 326 0
390 246 0
264 302 0
138 203 0
368 355 0
442 252 0
326 241 0
40 303 0
26 355 0
399 240 0
111 275 0
330 20 0
485 100 0
40 348 0
372 229 0
260 127 0
351 247 0
226 100 0
352 177 0
275 184 0
85 186 0
174 231 0
14 169 0
174 186 0
180 239 0
459 115 0
97 220 0
91 164 0
425 200 0
103 199 0
234 196 0
116 31 0
18 64 0
482 260 0
220 323 0
418 368 0
322 268 0
469 334 0
10 15 0
438 173 0
366 323 0
153 87 0
200 353 0
2 218 0
320 222 0
112 339 0
270 345 0
102 342 0
6 193 0
346 357 0
274 210 0
145 290 0
255 231 0
368 195 0
240 105 0
402 164 0
208 338 0
140 185 0
488 279 0
412 294 0
152 196 0
398 308 0
273 113 0
54 45 0
32 343 0
65 277 0
74 178 0
328 193 0
361 358 0
252 380 0
416 146 0
54 381 0
6 48 0
63 309 0
72 152 0
364 242 0
69 270 0
222 170 0
339 112 0
60 41 0
190 285 0
217 103 0
229 124 0
299 60 0
85 225 0
231 240 0
115 337 0
406 269 0
348 178 0
307 358 0
492 290 0
438 314 0
257 341 0
96 237 0
450 170 0
136 10 0
270 349 0
352 154 0
494 189 0
124 294 0
22 330 0
105 224 0
281 329 0
86 212 0
458 236 0
316 114 0
411 168 0
305 29 0
415 168 0
354 216 0
397 6 0
277 29 0
494 336 0
179 52 0
327 190 0
305 229 0
360 78 0
391 206 0
21 61 0
345 244 0
60 117 0
98 373 0
86 258 0
181 249 0
213 208 0
447 188 0
203 17 0
200 9 0
83 211 0
438 62 0
212 23 0
494 215 0
336 121 0
467 303 0
6 151 0
73 64 0
58 346 0
407 94 0
333 54 0
422 101 0
405 212 0
306 148 0
350 76 0
119 213 0
478 105 0
103 220 0
41 305 0
138 11 0
338 295 0
366 374 0
325 346 0
369 293 0
4 293 0
396 257 0
431 359 0
281 121 0
300 378 0
364 371 0
255 365 0
85 76 0
177 116 0
336 130 0
126 316 0
318 225 0
248 170 0
37 335 0
111 188 0
35 182 0
285 32 0
49 349 0
85 24 0
119 87 0
290 57 0
378 314 0
205 135 0
13 159 0
210 284 0
212 10 0
208 65 0
86 338 0
126 225 0
277 293 0
102 201 0
206 247 0
448 355 0
301 204 0
335 380 0
169 159 0
358 355 0
32 9 0
470 130 0
420 87 0
34 265 0
148 231 0
104 357 0
124 165 0
409 195 0
411 218 0
102 294 0
282 16 0
403 287 0
1 15 0
419 117 0
194 350 0
208 45 0
291 186 0
19 144 0
306 252 0
94 36 0
416 317 0
199 144 0
47 358 0
350 279 0
152 149 0
207 197 0
456 29 0
46 3 0
306 242 0
357 366 0
217 333 0
104 211 0
103 128 0
300 222 0
247 242 0
392 377 0
386 366 0
68 288 0
147 355 0
432 206 0
58 33 0
302 285 0
320 156 0
123 351 0
226 116 0
316 53 0
122 250 0
394 163 0
120 35 0
411 126 0
216 70 0
456 150 0
39 261 0
118 273 0
134 159 0
420 102 0
175 121 0
74 284 0
351 283 0
46 56 0
36 309 0
195 228 0
170 326 0
102 327 0
158 340 0
269 233 0
476 355 0
423 243 0
159 163 0
413 271 0
410 4 0
414 150 0
116 264 0
412 19 0
487 84 0
296 36 0
79 300 0
25 256 0
221 199 0
418 114 0
57 90 0
415 184 0
331 46 0
42 312 0
482 312 0
29 83 0
74 18 0
272 291 0
380 328 0
479 192 0
181 254 0
281 297 0
174 204 0
311 198 0
136 222 0
439 226 0
12 9 0
277 129 0
170 347 0
453 354 0
60 230 0
177 345 0
389 79 0
454 251 0
389 381 0
333 96 0
208 356 0
379 331 0
83 330 0
152 304 0
117 336 0
347 336 0
397 253 0
78 21 0
480 45 0
276 251 0
133 115 0
251 192 0
139 212 0
415 160 0
77 238 0
365 382 0
150 172 0
37 43 0
73 179 0
422 194 0
207 214 0
122 143 0
273 62 0
144 312 0
441 343 0
201 252 0
197 69 0
83 123 0
466 86 0
478 95 0
275 301 0
18 88 0
210 379 0
80 155 0
364 112 0
447 275 0
279 270 0
283 366 0
79 349 0
33 187 0
20 323 0
64 309 0
250 139 0
368 357 0
367 248 0
419 271 0
242 297 0
90 86 0
297 140 0
225 70 0
48 359 0
335 176 0
18 153 0
153 368 0
136 196 0
416 374 0
108 225 0
159 346 0
355 272 0
206 194 0
327 373 0
2 304 0
274 257 0
181 76 0
494 378 0
248 23 0
38 96 0
477 110 0
389 10 0
30 71 0
261 122 0
374 63 0
140 80 0
114 256 0
41 142 0
94 160 0
480 329 0
3 259 0
97 70 0
38 208 0
366 269 0
24 359 0
347 69 0
149 165 0
68 260 0
449 250 0
454 44 0
70 168 0
111 331 0
231 287 0
82 133 0
347 47 0
306 210 0
196 371 0
357 219 0
346 229 0
23 171 0
109 289 0
130 26 0
418 138 0
200 99 0
8 137 0
465 173 0
338 236 0
333 30 0
482 87 0
45 82 0
231 62 0
346 38 0
324 18 0
171 191 0
486 279 0
314 219 0
219 46 0
232 70 0
474 10 0
400 191 0
55 360 0
441 268 0
400 286 0
12 257 0
421 331 0
433 155 0
270 206 0
96 19 0
441 41 0
97 213 0
342 18 0
90 305 0
487 368 0
455 259 0
464 71 0
200 325 0
86 286 0
15 361 0
31 85 0
349 44 0
483 173 0
200 56 0
237 255 0
181 318 0
482 206 0
77 215 0
123 56 0
360 214 0
268 190 0
440 241 0
98 187 0
245 42 0
199 222 0
226 112 0
427 54 0
208 131 0
442 73 0
92 263 0
424 220 0
404 284 0
219 289 0
36 129 0
380 247 0
313 282 0
228 57 0
416 229 0
223 366 0
108 314 0
218 171 0
4 117 0
120 318 0
462 356 0
288 238 0
436 33 0
451 333 0
417 325 0
417 145 0
165 22 0
263 92 0
408 6 0
204 130 0
248 378 0
420 50 0
308 272 0
53 122 0
70 355 0
332 335 0
303 168 0
224 212 0
160 157 0
276 69 0
187 55 0
321 16 0
142 350 0
51 313 0
239 210 0
27 319 0
395 1 0
142 113 0
181 207 0
144 42 0
423 277 0
221 25 0
114 260 0
280 228 0
415 157 0
414 66 0
427 290 0
100 115 0
228 188 0
247 298 0
49 143 0
314 210 0
331 315 0
87 358 0
63 22 0
68 140 0
77 109 0
375 34 0
181 234 0
124 111 0
145 380 0
204 33 0
17 313 0
237 18 0
211 132 0
218 150 0
389 296 0
59 280 0
246 261 0
416 277 0
216 350 0
107 343 0
118 107 0
226 61 0
399 113 0
439 309 0
146 186 0
314 148 0
393 229 0
402 261 0
37 125 0
284 355 0
315 344 0
462 111 0
465 166 0
142 80 0
278 56 0
239 367 0
73 110 0
121 243 0
15 102 0
465 70 0
207 75 0
482 139 0
32 209 0
0 179 0
176 309 0
12 62 0
223 300 0
441 351 0
401 187 0
37 336 0
343 306 0
149 302 0
295 257 0
439 259 0
156 46 0
406 263 0
122 266 0
273 329 0
302 351 0
375 198 0
376 367 0
426 296 0
267 164 0
18 106 0
477 275 0
425 61 0
361 129 0
143 177 0
452 380 0
245 109 0
64 87 0
239 244 0
5 118 0
23 342 0
184 315 0
38 157 0
428 166 0
353 54 0
312 227 0
451 131 0
248 206 0
264 264 0
203 337 0
78 158 0
207 296 0
242 150 0
173 95 0
149 106 0
68 378 0
480 155 0
407 189 0
227 300 0
183 118 0
373 317 0
135 44 0
47 4 0
475 201 0
162 31 0
178 256 0
214 121 0
166 357 0
35 245 0
439 20 0
246 46 0
328 194 0
475 41 0
26 114 0
371 297 0
427 116 0
79 63 0
60 371 0
37 92 0
9 270 0
291 354 0
132 356 0
423 108 0
60 14 0
480 122 0
177 262 0
326 296 0
47 223 0
293 364 0
247 129 0
241 142 0
65 172 0
352 84 0
354 73 0
370 307 0
194 143 0
385 307 0
54 193 0
160 284 0
400 238 0
116 137 0
448 303 0
11 212 0
137 338 0
386 93 0
451 341 0
304 353 0
410 13 0
424 233 0
29 3 0
295 138 0
183 314 0
342 191 0
29 164 0
20 277 0
222 6 0
149 304 0
146 261 0
276 105 0
151 79 0
384 347 0
23 151 0
38 130 0
62 196 0
46 129 0
23 371 0
391 191 0
172 160 0
323 7 0
144 264 0
230 62 0
18 9 0
14 374 0
171 279 0
271 10 0
442 46 0
194 45 0
474 315 0
366 249 0
183 326 0
486 33 0
425 89 0
298 78 0
408 140 0
453 261 0
50 354 0
415 91 0
366 287 0
197 177 0
391 185 0
38 295 0
327 241 0
259 190 0
189 318 0
374 209 0
320 67 0
109 302 0
138 191 0
91 347 0
37 310 0
452 76 0
112 329 0
409 350 0
65 27 0
413 375 0
412 35 0
333 244 0
240 354 0
192 174 0
229 235 0
99 28 0
69 208 0
394 216 0
103 47 0
469 315 0
133 351 0
8 259 0
27 312 0
486 179 0
236 178 0
332 190 0
485 229 0
45 352 0
157 294 0
269 57 0
407 319 0
173 111 0
478 26 0
107 278 0
459 116 0
459 223 0
70 368 0
475 85 0
61 344 0
289 223 0
373 184 0
212 250 0
24 308 0
200 103 0
291 322 0
194 145 0
399 234 0
368 113 0
32 63 0
494 291 0
66 310 0
113 121 0
30 206 0
239 49 0
477 278 0
28 73 0
320 357 0
318 156 0
461 381 0
328 161 0
0 282 0
122 323 0
36 107 0
205 269 0
276 39 0
118 29 0
65 149 0
486 178 0
69 115 0
179 17 0
198 173 0
124 47 0
166 83 0
486 106 0
103 375 0
345 38 0
61 213 0
383 279 0
54 375 0
303 346 0
7 322 0
473 278 0
351 288 0
391 268 0
261 378 0
170 273 0
451 11 0
12 113 0
205 110 0
101 97 0
481 99 0
272 86 0
35 289 0
450 77 0
415 66 0
243 300 0
389 76 0
354 36 0
71 56 0
315 352 0
161 199 0
57 26 0
376 20 0
439 381 0
143 1 0
137 190 0
439 92 0
277 210 0
144 286 0
350 191 0
115 244 0
231 314 0
198 90 0
167 255 0
250 271 0
304 63 0
52 228 0
28 77 0
175 313 0
43 258 0
91 44 0
18 119 0
459 64 0
117 298 0
421 302 0
246 199 0
420 305 0
357 168 0
83 182 0
293 19 0
474 141 0
465 235 0
186 161 0
129 314 0
311 184 0
387 172 0
329 32 0
321 339 0
319 192 0
421 366 0
257 174 0
13 23 0
486 240 0
421 345 0
38 94 0
222 357 0
403 316 0
382 268 0
344 205 0
481 163 0
37 4 0
301 61 0
151 327 0
251 267 0
388 156 0
34 318 0
190 289 0
304 292 0
41 87 0
92 198 0
323 37 0
196 229 0
375 355 0
437 166 0
404 238 0
87 207 0
51 1 0
105 348 0
79 346 0
134 146 0
367 368 0
332 232 0
483 292 0
263 376 0
191 28 0
403 192 0
354 246 0
431 188 0
185 370 0
45 246 0
431 352 0
23 355 0
442 210 0
176 139 0
90 79 0
412 190 0
229 172 0
163 73 0
36 222 0
320 51 0
147 223 0
61 167 0
240 278 0
472 316 0
122 367 0
489 209 0
300 179 0
235 206 0
351 71 0
364 365 0
196 352 0
42 261 0
53 120 0
470 169 0
292 281 0
431 101 0
90 53 0
65 333 0
309 144 0
33 138 0
386 256 0
361 184 0
245 1 0
245 215 0
115 252 0
179 125 0
376 80 0
482 177 0
406 369 0
244 84 0
282 306 0
9 308 0
227 238 0
57 315 0
46 182 0
265 182 0
108 191 0
197 154 0
185 252 0
134 280 0
99 143 0
413 128 0
202 356 0
473 20 0
445 270 0
226 108 0
312 149 0
290 362 0
443 155 0
274 81 0
241 318 0
278 8 0
104 209 0
80 232 0
326 90 0
125 330 0
270 40 0
159 370 0
232 185 0
45 379 0
384 274 0
346 92 0
410 78 0
1 289 0
219 336 0
252 60 0
319 364 0
380 326 0
203 262 0
5 217 0
453 105 0
302 47 0
441 285 0
198 292 0
292 162 0
468 45 0
492 170 0
489 114 0
208 308 0
46 202 0
54 76 0
75 379 0
216 118 0
57 69 0
107 127 0
464 35 0
253 97 0
480 197 0
225 89 0
92 55 0
293 286 0
292 41 0
301 282 0
344 282 0
431 281 0
350 281 0
168 31 0
405 294 0
481 157 0
195 166 0
194 349 0
180 263 0
262 57 0
307 242 0
475 113 0
32 147 0
107 347 0
390 327 0
357 226 0
320 38 0
489 184 0
350 83 0
49 57 0
399 285 0
22 301 0
141 209 0
439 287 0
234 11 0
302 170 0
127 367 0
238 340 0
106 26 0
160 101 0
67 301 0
442 215 0
362 116 0
447 54 0
75 149 0
164 291 0
126 375 0
61 277 0
455 110 0
465 52 0
301 19 0
247 358 0
236 71 0
354 315 0
152 9 0
150 202 0
188 36 0
151 194 0
185 307 0
244 258 0
401 131 0
267 281 0
378 133 0
93 141 0
430 58 0
447 269 0
210 293 0
20 345 0
289 151 0
335 310 0
384 31 0
206 99 0
77 323 0
375 213 0
348 252 0
69 221 0
468 27 0
423 363 0
64 200 0
414 368 0
491 343 0
365 206 0
90 356 0
397 179 0
229 65 0
157 169 0
151 360 0
199 73 0
477 337 0
484 315 0
384 115 0
115 201 0
432 253 0
355 205 0
68 65 0
459 157 0
268 259 0
20 127 0
125 99 0
228 381 0
384 262 0
59 99 0
468 320 0
182 316 0
229 128 0
450 156 0
179 122 0
409 329 0
242 269 0
336 307 0
28 173 0
104 332 0
183 85 0
159 211 0
150 288 0
58 188 0
89 216 0
438 308 0
437 165 0
458 371 0
125 48 0
380 382 0
179 78 0
318 105 0
156 259 0
325 24 0
342 237 0
58 373 0
485 24 0
43 382 0
197 29 0
161 234 0
105 83 0
10 98 0
98 342 0
480 132 0
137 203 0
251 99 0
45 296 0
90 348 0
329 265 0
484 4 0
217 258 0
390 19 0
274 374 0
75 19 0
121 16 0
195 78 0
214 221 0
165 272 0
331 355 0
34 37 0
62 380 0
17 103 0
452 60 0
67 5 0
212 137 0
126 48 0
248 355 0
459 268 0
50 310 0
455 196 0
362 334 0
213 338 0
150 149 0
89 37 0
379 164 0
26 137 0
340 121 0
90 336 0
474 380 0
135 55 0
111 237 0
146 283 0
175 111 0
161 309 0
454 145 0
280 26 0
165 289 0
407 345 0
380 211 0
454 97 0
85 130 0
50 215 0
238 282 0
90 277 0
132 128 0
331 26 0
118 66 0
33 57 0
81 279 0
210 231 0
480 286 0
307 100 0
32 302 0
74 375 0
343 84 0
299 200 0
289 165 0
59 85 0
354 380 0
24 26 0
304 157 0
52 17 0
233 254 0
477 241 0
447 55 0
42 256 0
288 84 0
233 340 0
95 166 0
8 320 0
493 113 0
91 334 0
194 107 0
350 349 0
197 342 0
6 60 0
210 363 0
437 319 0
350 357 0
398 257 0
370 330 0
129 150 0
4 352 0
481 21 0
230 241 0
436 89 0
41 123 0
221 162 0
392 147 0
332 70 0
216 316 0
449 2 0
370 119 0
115 157 0
95 131 0
305 41 0
27 342 0
74 47 0
456 146 0
238 39 0
487 199 0
479 319 0
448 64 0
355 221 0
111 41 0
114 101 0
389 91 0
422 14 0
52 248 0
18 234 0
359 48 0
81 6 0
118 76 0
40 116 0
282 144 0
397 292 0
155 213 0
252 314 0
327 192 0
216 243 0
143 228 0
181 180 0
150 69 0
257 75 0
360 33 0
201 278 0
10 291 0
432 310 0
11 283 0
38 230 0
172 345 0
396 247 0
292 91 0
261 325 0
312 53 0
333 218 0
355 51 0
299 260 0
415 272 0
269 258 0
385 332 0
242 79 0
88 173 0
1 246 0
110 355 0
281 41 0
220 265 0
417 286 0
471 88 0
355 273 0
262 204 0
155 378 0
395 176 0
138 255 0
246 295 0
372 10 0
236 252 0
209 355 0
200 204 0
460 237 0
378 224 0
396 219 0
390 132 0
267 177 0
474 253 0
172 8 0
406 123 0
450 38 0
380 348 0
187 278 0
282 9 0
342 71 0
438 78 0
443 130 0
489 22 0
481 347 0
57 301 0
451 244 0
327 308 0
492 22 0
198 69 0
166 190 0
390 296 0
360 193 0
226 284 0
45 146 0
198 288 0
23 122 0
295 232 0
366 298 0
43 135 0
209 168 0
364 80 0
356 216 0
14 141 0
142 17 0
298 11 0
490 122 0
394 350 0
240 72 0
359 380 0
259 363 0
263 171 0
190 40 0
71 379 0
265 300 0
102 124 0
479 318 0
281 321 0
57 143 0
279 212 0
273 83 0
487 260 0
69 183 0
60 137 0
179 48 0
390 96 0
76 351 0
483 283 0
363 361 0
230 358 0
146 143 0
378 1 0
369 349 0
183 224 0
327 186 0
345 87 0
263 170 0
377 186 0
220 364 0
40 214 0
301 279 0
423 160 0
380 153 0
75 53 0
454 179 0
424 110 0
7 326 0
104 66 0
442 27 0
107 247 0
94 361 0
262 326 0
281 246 0
174 260 0
330 76 0
17 136 0
287 294 0
417 302 0
367 307 0
396 339 0
170 280 0
492 88 0
193 351 0
452 308 0
219 213 0
345 165 0
219 251 0
415 238 0
370 237 0
360 161 0
445 345 0
113 310 0
296 234 0
258 93 0
120 13 0
61 108 0
25 149 0
450 203 0
18 39 0
489 5 0
93 79 0
68 183 0
492 304 0
415 348 0
136 327 0
382 197 0
316 354 0
197 128 0
410 71 0
263 268 0
361 21 0
408 137 0
148 191 0
440 123 0
314 247 0
95 116 0
80 95 0
47 266 0
122 129 0
353 68 0
22 258 0
280 38 0
452 297 0
441 65 0
129 241 0
366 111 0
240 37 0
227 195 0
169 239 0
176 365 0
226 6 0
184 11 0
23 227 0
71 21 0
483 310 0
482 236 0
175 277 0
91 214 0
193 86 0
76 166 0
337 299 0
161 356 0
351 78 0
424 163 0
252 329 0
274 288 0
421 29 0
471 52 0
277 119 0
102 322 0
139 196 0
95 357 0
209 142 0
178 147 0
321 54 0
96 38 0
494 351 0
355 26 0
450 379 0
31 109 0
139 77 0
361 220 0
376 124 0
423 11 0
353 140 0
377 121 0
482 382 0
251 141 0
178 181 0
238 103 0
436 239 0
385 138 0
421 169 0
349 372 0
163 293 0
63 217 0
379 178 0
82 45 0
375 226 0
147 320 0
124 357 0
81 105 0
121 115 0
189 203 0
471 111 0
52 121 0
27 346 0
92 12 0
160 78 0
383 122 0
270 205 0
159 332 0
426 120 0
359 263 0
388 150 0
435 218 0
134 89 0
376 55 0
106 218 0
400 24 0
422 84 0
245 226 0
317 57 0
484 42 0
398 18 0
403 169 0
117 278 0
128 122 0
282 4 0
59 45 0
65 367 0
147 348 0
430 91 0
57 50 0
382 217 0
54 81 0
199 10 0
364 134 0
117 132 0
198 283 0
222 52 0
70 110 0
269 91 0
224 265 0
253 218 0
198 341 0
200 195 0
397 174 0
67 42 0
145 268 0
430 84 0
53 209 0
55 237 0
357 49 0
243 58 0
106 184 0
175 83 0
171 376 0
139 324 0
404 236 0
27 185 0
50 359 0
460 2 0
207 87 0
487 227 0
330 305 0
252 206 0
266 36 0
10 248 0
182 237 0
346 232 0
435 257 0
23 230 0
2 362 0
487 205 0
317 170 0
342 190 0
92 16 0
12 155 0
434 336 0
146 125 0
117 213 0
49 171 0
426 330 0
214 4 0
139 141 0
160 214 0
215 78 0
171 23 0
391 39 0
150 248 0
332 28 0
250 123 0
39 189 0
309 238 0
216 262 0
322 61 0
149 174 0
424 111 0
236 372 0
21 261 0
114 99 0
99 334 0
151 188 0
209 21 0
40 370 0
15 346 0
456 292 0
71 251 0
417 83 0
397 73 0
210 130 0
72 300 0
407 113 0
485 164 0
