1 1 1
1 59 1
1 61 1
1 269 1
1 341 1
1 364 1
2 50 1
2 63 1
2 219 1
2 377 1
2 378 1
3 240 1
3 332 1
4 2 1
4 236 1
4 353 1
5 50 1
5 92 1
5 108 1
5 121 1
5 169 1
5 197 1
5 241 1
5 255 1
5 304 1
5 321 1
5 342 1
5 353 1
6 26 1
6 50 1
6 64 1
6 87 1
6 163 1
6 219 1
6 227 1
6 261 1
6 279 1
6 288 1
6 302 1
6 353 1
6 355 1
6 377 1
7 41 1
7 53 1
7 63 1
7 119 1
7 163 1
7 180 1
7 314 1
7 362 1
8 3 1
8 56 1
8 63 1
8 86 1
8 119 1
8 126 1
8 304 1
8 364 1
8 370 1
9 11 1
9 61 1
9 93 1
9 107 1
9 155 1
9 236 1
9 255 1
9 321 1
9 336 1
9 343 1
10 3 1
10 61 1
10 90 1
10 145 1
10 159 1
10 173 1
10 174 1
10 219 1
10 241 1
10 262 1
10 269 1
10 304 1
10 347 1
10 377 1
11 61 1
11 63 1
11 93 1
11 120 1
11 250 1
11 271 1
11 282 1
11 307 1
11 364 1
12 59 1
12 159 1
12 169 1
12 240 1
12 311 1
12 328 1
13 11 1
13 39 1
13 61 1
13 147 1
13 249 1
13 307 1
13 310 1
13 311 1
13 317 1
13 378 1
14 12 1
14 14 1
14 25 1
14 28 1
14 35 1
14 41 1
14 55 1
14 58 1
14 68 1
14 83 1
14 103 1
14 116 1
14 127 1
14 146 1
14 171 1
14 188 1
14 216 1
14 240 1
14 241 1
14 255 1
14 257 1
14 261 1
14 262 1
14 294 1
14 323 1
14 347 1
14 357 1
14 370 1
15 66 1
15 85 1
15 92 1
15 95 1
15 111 1
15 264 1
15 310 1
15 339 1
15 370 1
16 111 1
16 126 1
16 163 1
16 187 1
16 328 1
16 342 1
16 377 1
17 35 1
17 50 1
17 142 1
17 185 1
17 232 1
17 236 1
17 264 1
17 271 1
17 276 1
17 332 1
17 364 1
18 35 1
18 42 1
18 126 1
18 142 1
18 239 1
18 281 1
18 307 1
18 328 1
18 359 1
18 364 1
18 377 1
19 42 1
19 53 1
19 61 1
19 68 1
19 93 1
19 163 1
19 180 1
19 186 1
19 192 1
19 212 1
19 216 1
19 219 1
19 240 1
19 241 1
19 271 1
19 282 1
19 299 1
19 307 1
19 366 1
20 37 1
20 239 1
21 50 1
21 119 1
21 185 1
21 236 1
21 307 1
21 323 1
22 34 1
22 59 1
22 97 1
22 255 1
22 340 1
22 364 1
23 59 1
23 147 1
23 257 1
23 271 1
23 290 1
23 304 1
24 6 1
24 59 1
24 82 1
24 95 1
24 126 1
24 191 1
24 236 1
24 252 1
24 262 1
24 271 1
24 282 1
24 304 1
24 320 1
24 377 1
25 63 1
25 163 1
25 240 1
26 63 1
27 304 1
28 16 1
28 40 1
28 93 1
28 210 1
28 216 1
28 218 1
28 248 1
28 252 1
28 253 1
28 261 1
28 304 1
28 321 1
28 341 1
28 364 1
28 374 1
29 38 1
29 93 1
29 159 1
29 221 1
29 302 1
29 321 1
30 50 1
30 59 1
30 130 1
30 147 1
30 164 1
30 173 1
30 377 1
31 6 1
31 180 1
31 302 1
31 315 1
32 59 1
32 282 1
33 11 1
33 53 1
33 108 1
33 163 1
33 205 1
34 12 1
34 50 1
34 167 1
34 364 1
35 6 1
35 50 1
35 231 1
36 10 1
36 16 1
36 28 1
36 59 1
36 63 1
36 163 1
36 239 1
36 253 1
36 262 1
36 328 1
36 364 1
37 142 1
37 164 1
37 169 1
37 237 1
37 286 1
37 378 1
38 11 1
38 41 1
38 93 1
38 108 1
38 142 1
38 145 1
38 169 1
38 253 1
38 326 1
38 364 1
39 50 1
39 92 1
39 119 1
39 126 1
39 182 1
39 239 1
39 364 1
39 370 1
40 6 1
40 59 1
40 63 1
40 120 1
40 206 1
41 147 1
41 163 1
41 185 1
41 307 1
41 364 1
42 59 1
42 92 1
42 126 1
42 253 1
42 310 1
42 328 1
43 6 1
43 51 1
43 65 1
43 167 1
43 185 1
43 266 1
43 304 1
43 318 1
43 374 1
43 380 1
44 48 1
44 63 1
44 93 1
44 123 1
44 163 1
44 271 1
44 302 1
44 307 1
44 377 1
45 63 1
45 378 1
46 71 1
46 95 1
46 145 1
46 176 1
46 183 1
46 214 1
46 243 1
46 269 1
46 302 1
47 6 1
47 50 1
47 107 1
47 120 1
47 216 1
47 236 1
47 249 1
47 260 1
47 271 1
47 281 1
47 307 1
48 59 1
48 219 1
48 328 1
49 50 1
49 159 1
49 236 1
49 364 1
50 53 1
50 126 1
50 145 1
50 237 1
50 282 1
50 328 1
51 65 1
51 282 1
51 307 1
51 346 1
52 41 1
52 56 1
52 164 1
52 253 1
53 6 1
53 345 1
54 11 1
55 59 1
55 93 1
55 95 1
55 166 1
55 167 1
55 222 1
55 290 1
55 355 1
55 370 1
56 236 1
56 253 1
56 290 1
57 6 1
58 120 1
58 260 1
58 304 1
58 345 1
59 92 1
59 186 1
59 262 1
59 269 1
60 63 1
60 248 1
60 328 1
60 377 1
63 126 1
64 8 1
65 16 1
65 64 1
65 69 1
65 92 1
65 93 1
65 147 1
65 182 1
65 210 1
65 218 1
65 321 1
65 377 1
67 8 1
67 190 1
68 59 1
68 63 1
68 93 1
68 159 1
68 279 1
68 364 1
69 8 1
69 61 1
69 93 1
69 126 1
69 174 1
69 253 1
69 262 1
69 308 1
69 328 1
70 232 1
71 54 1
71 65 1
71 147 1
71 159 1
71 212 1
71 241 1
71 307 1
71 377 1
72 50 1
72 54 1
72 59 1
72 163 1
73 97 1
73 120 1
73 171 1
73 377 1
75 8 1
75 50 1
75 54 1
75 163 1
75 166 1
75 192 1
75 216 1
75 219 1
75 222 1
75 236 1
75 244 1
75 245 1
75 266 1
75 290 1
75 302 1
75 310 1
75 378 1
76 59 1
76 93 1
76 252 1
77 38 1
77 50 1
77 119 1
77 163 1
77 236 1
77 242 1
77 307 1
77 328 1
77 380 1
78 61 1
78 159 1
78 216 1
78 253 1
79 11 1
79 59 1
79 145 1
79 187 1
79 232 1
79 310 1
79 314 1
79 353 1
80 36 1
80 98 1
80 163 1
80 171 1
80 198 1
80 236 1
80 260 1
81 219 1
81 364 1
83 8 1
83 239 1
85 279 1
86 8 1
86 93 1
87 8 1
88 35 1
88 70 1
88 126 1
88 132 1
88 146 1
88 221 1
89 8 1
89 59 1
90 8 1
91 61 1
91 330 1
91 377 1
92 44 1
93 270 1
94 8 1
94 377 1
97 150 1
98 8 1
100 8 1
102 8 1
104 364 1
105 8 1
106 11 1
106 61 1
106 290 1
106 353 1
106 370 1
106 378 1
109 63 1
109 159 1
109 307 1
109 330 1
109 370 1
110 61 1
110 126 1
110 182 1
110 236 1
110 253 1
110 255 1
110 262 1
110 281 1
110 340 1
110 378 1
111 11 1
111 59 1
112 9 1
112 59 1
112 355 1
112 377 1
113 59 1
113 93 1
113 145 1
113 253 1
113 377 1
114 163 1
115 219 1
116 93 1
117 63 1
117 72 1
117 92 1
117 119 1
117 163 1
117 186 1
117 232 1
117 281 1
117 347 1
118 169 1
118 262 1
118 314 1
118 317 1
119 33 1
119 282 1
119 307 1
119 317 1
120 38 1
120 50 1
120 123 1
120 169 1
120 180 1
120 207 1
120 271 1
120 353 1
120 374 1
121 92 1
121 123 1
121 262 1
121 307 1
121 353 1
122 11 1
122 16 1
122 34 1
122 92 1
122 253 1
122 336 1
122 353 1
122 364 1
123 54 1
123 59 1
123 240 1
124 11 1
124 130 1
124 204 1
124 216 1
124 272 1
124 362 1
124 378 1
125 50 1
125 93 1
125 95 1
125 145 1
125 147 1
125 211 1
125 250 1
125 253 1
125 319 1
126 92 1
126 98 1
126 120 1
126 191 1
126 216 1
126 345 1
127 163 1
127 173 1
127 178 1
127 262 1
127 332 1
128 11 1
128 50 1
129 328 1
129 345 1
130 59 1
130 290 1
130 304 1
131 50 1
131 147 1
131 345 1
131 364 1
132 59 1
132 236 1
132 252 1
134 173 1
134 263 1
134 304 1
135 163 1
135 219 1
136 93 1
136 171 1
136 261 1
136 341 1
137 11 1
138 100 1
138 120 1
138 163 1
138 171 1
138 227 1
138 307 1
138 310 1
138 377 1
140 93 1
140 253 1
141 16 1
141 59 1
141 61 1
141 63 1
141 142 1
141 236 1
141 341 1
141 356 1
141 366 1
142 145 1
142 180 1
142 235 1
142 304 1
143 16 1
143 93 1
143 123 1
143 206 1
143 252 1
143 281 1
144 16 1
144 50 1
145 54 1
145 145 1
145 216 1
145 329 1
146 16 1
146 65 1
146 93 1
146 120 1
146 196 1
146 216 1
146 302 1
147 16 1
148 119 1
148 370 1
149 28 1
149 82 1
149 93 1
149 126 1
149 163 1
149 248 1
150 50 1
150 58 1
150 111 1
150 206 1
150 279 1
154 47 1
154 193 1
154 202 1
154 236 1
154 342 1
155 171 1
155 239 1
155 253 1
155 353 1
156 61 1
156 253 1
157 54 1
157 262 1
157 345 1
158 63 1
158 92 1
158 166 1
158 210 1
158 218 1
158 222 1
158 245 1
158 248 1
158 302 1
158 364 1
159 353 1
160 364 1
162 44 1
162 97 1
162 110 1
162 269 1
163 50 1
163 59 1
163 120 1
163 159 1
163 247 1
163 253 1
163 261 1
163 341 1
164 33 1
164 110 1
164 120 1
164 219 1
164 269 1
165 34 1
165 210 1
165 236 1
165 240 1
165 304 1
165 377 1
166 93 1
166 171 1
166 364 1
167 159 1
168 80 1
168 171 1
168 198 1
168 307 1
168 314 1
169 255 1
169 364 1
171 61 1
171 145 1
171 290 1
172 35 1
172 51 1
172 219 1
172 257 1
172 302 1
172 304 1
172 370 1
172 377 1
173 185 1
173 253 1
174 35 1
174 206 1
175 236 1
175 239 1
175 302 1
175 330 1
176 59 1
176 119 1
176 236 1
177 50 1
177 364 1
178 92 1
178 307 1
178 357 1
180 59 1
180 93 1
181 59 1
181 65 1
181 159 1
182 59 1
182 61 1
182 88 1
182 163 1
182 217 1
182 230 1
183 145 1
183 236 1
183 262 1
185 326 1
187 326 1
188 347 1
189 302 1
190 282 1
191 40 1
191 53 1
191 126 1
191 130 1
191 163 1
191 304 1
191 323 1
192 238 1
192 347 1
192 369 1
193 40 1
193 169 1
193 364 1
194 74 1
194 134 1
194 252 1
194 364 1
195 147 1
196 61 1
196 364 1
199 44 1
199 163 1
199 253 1
199 282 1
199 345 1
199 364 1
200 145 1
200 282 1
201 145 1
201 261 1
202 49 1
202 59 1
202 235 1
202 252 1
202 304 1
203 323 1
204 172 1
208 59 1
208 63 1
210 120 1
210 236 1
210 253 1
210 304 1
210 341 1
213 310 1
214 63 1
214 328 1
214 370 1
216 61 1
216 240 1
216 253 1
216 285 1
216 364 1
216 366 1
216 370 1
217 343 1
217 364 1
218 93 1
219 50 1
219 59 1
219 67 1
219 86 1
219 210 1
219 219 1
219 310 1
219 377 1
220 145 1
222 145 1
222 147 1
222 206 1
222 255 1
222 282 1
222 304 1
222 364 1
223 78 1
223 236 1
223 240 1
223 252 1
223 285 1
223 304 1
223 377 1
224 182 1
224 364 1
225 219 1
225 236 1
225 307 1
227 65 1
227 92 1
227 147 1
227 162 1
227 171 1
227 271 1
227 307 1
227 341 1
230 50 1
230 57 1
230 59 1
230 92 1
230 147 1
230 360 1
231 145 1
231 253 1
233 50 1
234 364 1
235 50 1
237 59 1
238 50 1
238 163 1
239 93 1
239 95 1
240 59 1
241 239 1
242 145 1
242 265 1
244 59 1
245 302 1
246 65 1
247 307 1
249 50 1
252 93 1
252 340 1
252 364 1
253 253 1
253 304 1
254 59 1
254 377 1
255 252 1
256 50 1
257 253 1
259 285 1
260 139 1
260 239 1
261 326 1
265 61 1
265 93 1
266 50 1
266 120 1
266 163 1
268 282 1
269 50 1
270 50 1
270 92 1
271 349 1
272 119 1
272 253 1
272 255 1
272 364 1
273 59 1
273 232 1
273 364 1
273 369 1
275 239 1
278 50 1
278 65 1
279 50 1
280 160 1
281 53 1
281 63 1
281 364 1
281 382 1
282 323 1
282 364 1
283 323 1
284 54 1
289 54 1
290 63 1
293 54 1
293 328 1
294 54 1
295 93 1
295 382 1
296 54 1
298 238 1
298 336 1
299 59 1
301 59 1
302 159 1
305 239 1
305 323 1
305 364 1
306 95 1
308 66 1
308 279 1
309 59 1
309 93 1
310 130 1
311 176 1
316 257 1
316 282 1
319 285 1
320 59 1
323 163 1
323 239 1
325 304 1
326 63 1
326 163 1
328 364 1
330 126 1
331 59 1
335 253 1
340 239 1
340 301 1
343 328 1
343 349 1
345 61 1
348 307 1
349 236 1
349 356 1
352 63 1
357 364 1
358 93 1
358 204 1
359 65 1
360 290 1
361 82 1
364 328 1
364 344 1
365 92 1
365 323 1
373 307 1
378 101 1
384 269 1
390 252 1
391 253 1
392 126 1
394 126 1
395 132 1
402 364 1
407 155 1
410 163 1
425 210 1
427 210 1
428 216 1
429 217 1
430 217 1
433 364 1
435 235 1
437 236 1
437 290 1
437 364 1
443 239 1
445 328 1
449 239 1
453 326 1
456 336 1
457 261 1
460 326 1
481 364 1
484 364 1
490 376 1
494 377 1
495 378 1
437 262 1
217 338 1
12 216 1
54 364 1
71 93 1
120 216 1
14 338 1
109 328 1
216 221 1
31 252 1
59 282 1
5 93 1
46 349 1
117 59 1
183 38 1
81 36 1
143 376 1
120 234 1
8 82 1
44 236 1
163 61 1
125 309 1
143 370 1
59 97 1
163 353 1
128 102 1
39 93 1
241 92 1
25 120 1
14 61 1
44 61 1
38 63 1
38 371 1
50 355 1
18 253 1
272 93 1
7 3 1
154 63 1
40 41 1
371 93 1
177 61 1
65 378 1
459 261 1
104 59 1
55 341 1
65 59 1
259 163 1
28 260 1
175 307 1
50 304 1
28 185 1
9 173 1
27 119 1
131 123 1
273 239 1
77 67 1
84 169 1
14 243 1
194 282 1
259 50 1
113 330 1
142 290 1
17 304 1
121 282 1
181 147 1
148 69 1
19 269 1
225 63 1
114 326 1
178 364 1
183 251 1
29 341 1
196 120 1
138 44 1
244 345 1
89 75 1
308 145 1
46 33 1
175 92 1
117 226 1
434 341 1
19 149 1
5 135 1
126 69 1
202 93 1
227 191 1
19 195 1
5 191 1
14 302 1
167 271 1
29 147 1
157 38 1
39 377 1
121 296 1
120 206 1
77 219 1
42 119 1
253 308 1
31 306 1
234 63 1
224 261 1
141 82 1
30 339 1
305 126 1
227 236 1
8 40 1
164 53 1
51 364 1
242 93 1
7 307 1
19 198 1
13 171 1
60 65 1
230 145 1
73 210 1
44 323 1
142 236 1
10 185 1
172 364 1
375 93 1
283 159 1
22 307 1
10 59 1
59 370 1
9 35 1
47 65 1
268 50 1
345 252 1
219 173 1
69 59 1
55 123 1
55 241 1
14 67 1
81 282 1
234 304 1
373 130 1
164 307 1
71 8 1
192 147 1
164 44 1
71 32 1
28 124 1
2 6 1
88 348 1
59 341 1
180 355 1
16 301 1
163 63 1
461 276 1
65 53 1
269 59 1
7 145 1
27 33 1
193 173 1
251 50 1
33 286 1
148 276 1
143 345 1
47 330 1
125 175 1
52 50 1
159 32 1
175 355 1
50 93 1
88 216 1
468 328 1
140 159 1
291 63 1
276 364 1
30 236 1
13 222 1
28 166 1
196 50 1
45 205 1
338 217 1
142 321 1
366 92 1
223 370 1
146 328 1
194 320 1
79 262 1
216 321 1
310 307 1
185 302 1
16 36 1
145 321 1
400 252 1
41 253 1
9 145 1
157 236 1
196 150 1
189 227 1
138 236 1
365 239 1
55 328 1
48 307 1
148 176 1
140 296 1
125 349 1
18 216 1
169 290 1
71 302 1
32 8 1
70 246 1
24 270 1
146 364 1
128 59 1
1 120 1
262 336 1
275 54 1
65 145 1
290 377 1
2 258 1
9 241 1
38 59 1
292 377 1
30 180 1
39 169 1
110 241 1
7 61 1
110 53 1
43 59 1
178 107 1
5 271 1
154 279 1
19 50 1
36 302 1
154 65 1
408 263 1
146 255 1
28 307 1
46 83 1
345 364 1
142 16 1
69 145 1
8 286 1
186 251 1
8 328 1
70 59 1
228 75 1
11 340 1
246 330 1
180 364 1
40 328 1
46 296 1
14 162 1
101 8 1
18 331 1
345 163 1
238 93 1
11 34 1
68 359 1
88 285 1
25 61 1
256 253 1
18 33 1
46 122 1
65 179 1
399 145 1
39 236 1
254 326 1
12 261 1
41 119 1
7 317 1
38 9 1
51 196 1
12 245 1
131 142 1
16 206 1
78 364 1
26 6 1
242 378 1
241 120 1
164 262 1
177 93 1
36 27 1
110 227 1
122 65 1
126 326 1
140 377 1
114 61 1
55 260 1
120 313 1
400 324 1
367 336 1
450 252 1
144 328 1
1 37 1
23 132 1
110 364 1
73 328 1
196 163 1
44 253 1
95 93 1
24 237 1
413 253 1
88 304 1
18 193 1
69 252 1
148 180 1
314 253 1
43 171 1
149 186 1
38 237 1
24 142 1
210 377 1
216 217 1
138 264 1
318 262 1
230 159 1
126 328 1
382 150 1
266 61 1
135 165 1
1 282 1
50 370 1
175 65 1
14 355 1
175 222 1
10 253 1
15 161 1
227 372 1
13 304 1
183 163 1
19 185 1
19 105 1
88 145 1
65 252 1
150 186 1
298 59 1
204 50 1
60 169 1
10 35 1
169 61 1
409 304 1
46 253 1
339 269 1
141 240 1
56 61 1
349 93 1
110 174 1
282 53 1
184 153 1
106 40 1
33 113 1
172 59 1
43 237 1
247 59 1
58 262 1
477 364 1
5 145 1
28 318 1
168 37 1
122 257 1
201 49 1
187 240 1
14 176 1
19 246 1
17 36 1
168 218 1
138 357 1
205 50 1
125 219 1
229 163 1
47 243 1
20 59 1
26 19 1
164 349 1
19 32 1
117 219 1
141 145 1
164 247 1
19 253 1
203 236 1
28 302 1
204 190 1
14 123 1
227 163 1
74 8 1
440 237 1
60 61 1
445 239 1
117 253 1
149 310 1
171 35 1
24 35 1
52 93 1
113 328 1
54 59 1
18 325 1
75 167 1
397 145 1
252 282 1
12 338 1
19 323 1
268 163 1
95 8 1
125 282 1
207 50 1
177 185 1
51 281 1
120 347 1
204 261 1
327 252 1
18 282 1
158 163 1
407 290 1
483 364 1
13 261 1
131 378 1
204 370 1
80 50 1
18 81 1
273 236 1
240 120 1
163 186 1
50 264 1
225 147 1
266 59 1
88 8 1
2 253 1
117 307 1
238 320 1
164 65 1
51 182 1
140 163 1
5 43 1
223 378 1
148 241 1
216 190 1
180 63 1
140 317 1
201 50 1
65 8 1
65 119 1
40 260 1
144 252 1
138 126 1
405 219 1
194 50 1
17 4 1
88 95 1
21 93 1
165 159 1
65 216 1
191 50 1
289 328 1
193 163 1
86 35 1
29 34 1
88 328 1
56 364 1
15 266 1
167 34 1
84 93 1
173 239 1
18 182 1
148 383 1
225 364 1
88 279 1
210 126 1
316 219 1
30 179 1
388 181 1
199 323 1
14 260 1
358 123 1
16 34 1
172 328 1
174 253 1
72 169 1
59 59 1
338 239 1
114 95 1
154 126 1
13 97 1
216 219 1
357 147 1
79 237 1
22 192 1
219 370 1
265 364 1
14 119 1
46 262 1
383 163 1
240 92 1
34 279 1
107 159 1
7 191 1
12 31 1
41 290 1
362 82 1
317 59 1
176 126 1
48 255 1
109 61 1
14 334 1
227 69 1
190 219 1
148 44 1
16 186 1
31 253 1
77 61 1
93 239 1
140 34 1
168 162 1
123 163 1
5 59 1
84 291 1
46 378 1
14 232 1
30 378 1
43 373 1
18 178 1
110 147 1
413 169 1
212 50 1
23 93 1
85 93 1
26 304 1
169 262 1
297 59 1
88 50 1
154 119 1
164 92 1
204 185 1
154 171 1
168 34 1
116 356 1
89 155 1
349 377 1
201 222 1
358 147 1
71 163 1
135 378 1
234 100 1
19 382 1
176 93 1
9 120 1
250 50 1
326 59 1
114 304 1
167 236 1
29 269 1
55 271 1
118 186 1
80 59 1
28 6 1
360 145 1
210 302 1
204 253 1
123 93 1
146 346 1
14 269 1
221 120 1
345 253 1
274 269 1
138 61 1
140 50 1
17 377 1
324 59 1
330 59 1
156 236 1
18 105 1
119 191 1
125 269 1
178 126 1
95 126 1
292 63 1
210 328 1
44 11 1
305 260 1
9 64 1
145 219 1
186 240 1
65 307 1
72 142 1
15 119 1
1 174 1
240 236 1
203 50 1
7 281 1
56 59 1
158 126 1
314 328 1
81 304 1
120 15 1
124 59 1
2 93 1
6 241 1
43 22 1
280 93 1
224 236 1
150 368 1
38 286 1
72 119 1
92 8 1
18 96 1
154 50 1
229 262 1
333 59 1
138 66 1
7 6 1
130 11 1
76 353 1
43 241 1
18 11 1
138 157 1
65 206 1
150 382 1
158 219 1
160 207 1
405 370 1
165 281 1
120 54 1
50 364 1
119 124 1
37 93 1
400 370 1
50 307 1
146 126 1
223 59 1
241 253 1
79 253 1
223 93 1
80 353 1
141 269 1
191 145 1
94 252 1
10 348 1
255 210 1
246 50 1
368 336 1
196 314 1
445 304 1
147 336 1
81 92 1
12 253 1
14 307 1
14 159 1
319 263 1
306 239 1
76 304 1
181 54 1
187 38 1
19 262 1
151 210 1
58 35 1
36 6 1
332 59 1
18 356 1
1 159 1
10 11 1
11 330 1
49 319 1
88 65 1
313 145 1
69 140 1
123 145 1
91 279 1
73 126 1
6 307 1
187 376 1
19 376 1
138 64 1
110 307 1
71 166 1
245 323 1
246 271 1
86 163 1
45 93 1
25 364 1
175 186 1
22 145 1
120 16 1
109 35 1
106 364 1
134 252 1
73 216 1
33 236 1
224 282 1
140 307 1
48 275 1
246 53 1
157 59 1
27 93 1
5 232 1
10 366 1
178 236 1
30 93 1
336 59 1
42 127 1
19 6 1
362 378 1
176 279 1
23 307 1
68 123 1
19 313 1
270 213 1
150 263 1
225 50 1
8 169 1
385 145 1
176 253 1
124 163 1
217 304 1
13 302 1
141 290 1
144 336 1
5 302 1
47 159 1
222 245 1
19 151 1
382 163 1
88 63 1
146 50 1
44 239 1
216 169 1
280 119 1
204 184 1
40 65 1
126 378 1
232 50 1
18 273 1
109 377 1
36 371 1
29 329 1
428 364 1
88 252 1
158 236 1
162 50 1
130 328 1
49 224 1
18 338 1
257 197 1
15 142 1
125 227 1
162 33 1
138 93 1
170 376 1
10 307 1
124 147 1
52 163 1
322 65 1
181 219 1
273 192 1
219 252 1
58 328 1
78 261 1
14 95 1
125 123 1
173 377 1
29 169 1
3 59 1
173 364 1
42 6 1
21 306 1
384 120 1
217 216 1
149 236 1
200 347 1
307 93 1
79 123 1
465 307 1
166 76 1
109 219 1
383 120 1
191 282 1
88 243 1
158 304 1
116 11 1
106 236 1
23 53 1
146 341 1
19 141 1
305 63 1
131 159 1
238 304 1
461 336 1
12 377 1
158 378 1
19 33 1
70 24 1
311 207 1
28 92 1
59 93 1
148 364 1
24 255 1
182 353 1
40 159 1
2 163 1
12 353 1
14 364 1
38 119 1
8 41 1
355 63 1
37 149 1
9 226 1
36 276 1
1 210 1
23 364 1
71 244 1
77 162 1
32 6 1
9 378 1
7 59 1
70 364 1
188 38 1
213 50 1
38 236 1
123 50 1
15 120 1
136 59 1
140 97 1
138 262 1
75 32 1
162 219 1
158 318 1
35 11 1
191 147 1
431 219 1
75 22 1
486 364 1
16 304 1
46 50 1
54 100 1
37 53 1
335 59 1
227 180 1
42 163 1
194 283 1
471 377 1
148 63 1
25 282 1
130 50 1
59 281 1
16 50 1
15 366 1
56 51 1
359 252 1
364 218 1
18 51 1
194 93 1
123 291 1
180 243 1
8 50 1
6 198 1
35 364 1
165 61 1
59 317 1
240 123 1
148 61 1
38 6 1
15 328 1
252 63 1
327 378 1
9 377 1
480 364 1
70 8 1
176 36 1
114 159 1
6 282 1
146 281 1
6 237 1
202 282 1
118 281 1
6 321 1
231 50 1
75 314 1
150 264 1
79 53 1
222 50 1
202 285 1
46 370 1
71 373 1
52 364 1
114 65 1
60 92 1
28 266 1
198 376 1
19 242 1
14 293 1
17 65 1
4 59 1
13 32 1
190 239 1
201 236 1
19 206 1
41 204 1
225 304 1
158 59 1
241 163 1
125 328 1
117 61 1
190 210 1
38 370 1
225 59 1
221 50 1
168 239 1
393 126 1
56 63 1
53 377 1
10 206 1
13 5 1
65 257 1
75 255 1
91 66 1
379 163 1
240 163 1
453 253 1
18 262 1
11 126 1
230 53 1
126 163 1
86 364 1
71 92 1
216 59 1
78 328 1
7 247 1
140 279 1
113 282 1
167 50 1
192 370 1
243 310 1
223 281 1
10 328 1
47 176 1
6 220 1
95 210 1
139 290 1
16 93 1
154 120 1
168 69 1
106 147 1
39 163 1
123 147 1
458 261 1
71 252 1
38 61 1
146 232 1
94 253 1
142 323 1
124 38 1
10 91 1
109 64 1
43 260 1
40 253 1
81 236 1
158 51 1
37 119 1
222 345 1
247 50 1
28 270 1
51 216 1
14 285 1
13 131 1
5 193 1
37 63 1
193 93 1
24 68 1
182 285 1
10 120 1
119 65 1
129 11 1
339 260 1
119 50 1
124 61 1
154 310 1
81 341 1
46 34 1
373 281 1
28 180 1
30 53 1
42 63 1
118 63 1
42 145 1
6 92 1
272 304 1
202 353 1
387 239 1
223 79 1
14 377 1
4 328 1
267 328 1
120 255 1
165 253 1
146 307 1
91 319 1
382 120 1
52 119 1
178 206 1
43 338 1
9 296 1
219 163 1
75 376 1
243 364 1
219 61 1
193 282 1
55 304 1
29 227 1
390 307 1
6 123 1
194 147 1
116 252 1
132 145 1
5 176 1
65 282 1
15 61 1
117 11 1
42 65 1
5 253 1
199 147 1
223 253 1
227 216 1
88 256 1
114 370 1
420 191 1
45 260 1
2 59 1
12 229 1
150 326 1
13 212 1
204 225 1
88 332 1
239 163 1
43 378 1
19 319 1
68 330 1
173 171 1
148 210 1
179 253 1
32 50 1
59 239 1
79 50 1
311 253 1
150 266 1
201 147 1
73 307 1
40 236 1
244 364 1
85 8 1
307 59 1
401 376 1
113 239 1
119 120 1
46 279 1
19 159 1
94 328 1
182 236 1
125 216 1
25 93 1
138 304 1
15 29 1
60 8 1
65 248 1
252 307 1
353 253 1
26 364 1
13 50 1
76 254 1
185 163 1
14 7 1
204 356 1
19 281 1
46 92 1
13 216 1
84 59 1
368 92 1
71 51 1
60 364 1
180 38 1
76 8 1
118 307 1
44 198 1
158 50 1
5 282 1
117 269 1
367 92 1
16 276 1
69 142 1
68 355 1
118 247 1
319 65 1
76 288 1
154 264 1
19 99 1
29 65 1
69 307 1
175 339 1
1 92 1
224 156 1
163 304 1
162 255 1
155 236 1
68 50 1
405 153 1
53 328 1
39 65 1
50 6 1
155 61 1
131 307 1
9 269 1
164 304 1
164 236 1
14 246 1
37 50 1
141 76 1
78 377 1
25 236 1
19 202 1
106 343 1
14 59 1
14 152 1
110 357 1
357 236 1
32 304 1
252 320 1
50 257 1
116 383 1
34 36 1
88 307 1
280 56 1
362 364 1
164 159 1
204 240 1
163 269 1
150 93 1
14 49 1
242 282 1
319 59 1
267 61 1
120 59 1
362 236 1
155 65 1
5 2 1
17 163 1
295 65 1
39 97 1
6 135 1
51 279 1
248 50 1
53 364 1
348 217 1
158 145 1
50 253 1
196 376 1
77 62 1
357 282 1
59 50 1
95 63 1
16 366 1
258 253 1
34 219 1
156 147 1
75 341 1
216 282 1
421 279 1
143 217 1
72 159 1
489 372 1
339 59 1
138 67 1
10 41 1
143 63 1
106 38 1
60 240 1
29 8 1
157 302 1
149 328 1
234 93 1
28 353 1
57 38 1
121 163 1
163 92 1
53 11 1
187 59 1
240 318 1
225 145 1
179 150 1
223 364 1
10 126 1
10 53 1
19 11 1
50 334 1
27 147 1
153 59 1
16 6 1
59 304 1
154 241 1
84 253 1
12 302 1
86 260 1
7 348 1
124 353 1
7 345 1
161 343 1
43 219 1
138 241 1
15 269 1
199 59 1
252 108 1
194 40 1
79 147 1
239 50 1
29 236 1
81 63 1
2 1 1
68 262 1
44 346 1
263 59 1
65 326 1
72 374 1
238 210 1
216 50 1
241 59 1
109 126 1
121 328 1
204 328 1
263 150 1
263 324 1
114 11 1
268 236 1
39 53 1
269 364 1
177 291 1
18 4 1
43 245 1
270 253 1
71 180 1
52 40 1
94 63 1
182 101 1
185 262 1
220 50 1
59 120 1
223 307 1
81 310 1
7 50 1
194 59 1
26 61 1
124 219 1
353 63 1
149 307 1
175 145 1
9 3 1
149 245 1
173 59 1
27 290 1
168 186 1
75 248 1
201 59 1
104 163 1
12 38 1
75 262 1
38 328 1
157 257 1
223 145 1
442 239 1
13 336 1
116 198 1
331 120 1
328 377 1
175 119 1
68 119 1
228 366 1
175 93 1
21 107 1
15 342 1
178 61 1
124 34 1
55 212 1
349 120 1
210 252 1
141 32 1
275 282 1
354 227 1
90 190 1
381 119 1
204 156 1
37 370 1
68 147 1
53 304 1
380 323 1
34 328 1
146 378 1
168 163 1
166 61 1
267 120 1
261 364 1
292 328 1
78 65 1
37 182 1
164 281 1
23 236 1
118 191 1
246 239 1
454 343 1
97 364 1
140 147 1
190 222 1
7 236 1
165 147 1
14 6 1
71 59 1
238 319 1
37 282 1
325 263 1
3 271 1
51 361 1
25 252 1
109 120 1
331 61 1
264 150 1
38 282 1
387 257 1
84 261 1
164 282 1
75 210 1
13 17 1
315 252 1
40 224 1
119 304 1
18 143 1
295 59 1
34 61 1
15 171 1
130 260 1
121 38 1
8 120 1
71 290 1
118 341 1
275 50 1
59 307 1
10 93 1
15 279 1
13 231 1
55 266 1
28 377 1
44 9 1
71 210 1
14 290 1
84 142 1
114 314 1
30 252 1
60 236 1
231 360 1
13 328 1
267 163 1
71 222 1
234 198 1
130 310 1
230 323 1
26 253 1
158 235 1
2 142 1
200 50 1
158 93 1
71 40 1
8 282 1
133 11 1
193 59 1
198 44 1
91 253 1
14 82 1
18 321 1
163 226 1
32 107 1
131 253 1
280 50 1
152 253 1
354 139 1
177 36 1
122 282 1
13 253 1
274 50 1
24 33 1
129 50 1
131 105 1
52 307 1
55 63 1
28 59 1
50 147 1
120 65 1
178 240 1
308 121 1
158 266 1
138 97 1
11 355 1
288 328 1
234 262 1
362 163 1
6 35 1
325 92 1
88 253 1
43 290 1
37 236 1
18 117 1
28 163 1
19 90 1
268 150 1
91 269 1
26 145 1
36 161 1
54 61 1
24 364 1
141 88 1
26 282 1
38 56 1
19 65 1
172 93 1
14 380 1
33 304 1
40 307 1
446 239 1
73 364 1
56 50 1
82 8 1
114 218 1
37 41 1
15 275 1
225 285 1
91 206 1
52 140 1
14 135 1
28 11 1
485 364 1
10 147 1
38 240 1
28 281 1
206 50 1
346 291 1
138 302 1
138 21 1
55 240 1
71 169 1
93 84 1
29 377 1
305 328 1
1 54 1
294 159 1
75 253 1
13 6 1
405 262 1
29 282 1
46 282 1
166 377 1
204 366 1
55 8 1
30 163 1
52 6 1
349 126 1
252 59 1
154 227 1
24 321 1
88 241 1
107 59 1
163 364 1
81 8 1
34 159 1
39 108 1
131 236 1
156 163 1
273 63 1
79 304 1
14 282 1
117 291 1
115 10 1
69 65 1
86 323 1
65 370 1
106 257 1
169 378 1
252 147 1
343 59 1
46 191 1
57 145 1
178 304 1
138 12 1
88 147 1
374 163 1
43 252 1
370 93 1
191 159 1
15 169 1
77 378 1
387 124 1
3 376 1
262 126 1
50 252 1
194 369 1
141 147 1
9 252 1
9 262 1
120 304 1
9 253 1
195 40 1
155 36 1
72 281 1
421 191 1
16 271 1
21 364 1
413 262 1
65 167 1
175 341 1
43 92 1
79 252 1
14 69 1
231 159 1
52 149 1
29 6 1
252 126 1
438 236 1
33 92 1
230 370 1
68 285 1
78 93 1
23 163 1
22 65 1
82 100 1
461 345 1
312 59 1
28 328 1
53 171 1
11 302 1
166 253 1
33 377 1
39 59 1
106 50 1
14 147 1
44 290 1
258 236 1
119 349 1
14 275 1
40 240 1
20 271 1
39 257 1
27 328 1
33 341 1
55 245 1
125 307 1
350 63 1
416 171 1
60 145 1
164 63 1
40 11 1
127 33 1
75 92 1
167 59 1
157 30 1
125 44 1
46 142 1
49 147 1
22 342 1
125 260 1
304 59 1
222 235 1
16 236 1
9 159 1
155 304 1
20 274 1
42 222 1
109 332 1
41 339 1
42 61 1
422 206 1
362 142 1
10 63 1
272 307 1
106 255 1
234 267 1
146 282 1
2 332 1
130 364 1
372 253 1
243 50 1
17 187 1
29 216 1
291 54 1
155 26 1
39 41 1
219 307 1
69 163 1
113 327 1
22 147 1
109 236 1
216 248 1
35 93 1
117 236 1
148 304 1
208 50 1
167 65 1
260 50 1
88 64 1
125 71 1
72 8 1
46 231 1
261 239 1
225 144 1
7 268 1
81 163 1
398 145 1
362 325 1
11 347 1
24 11 1
44 285 1
28 351 1
252 376 1
314 93 1
245 50 1
46 53 1
182 331 1
166 34 1
259 364 1
68 296 1
154 281 1
1 252 1
225 328 1
141 253 1
162 92 1
96 50 1
24 219 1
167 239 1
163 219 1
175 358 1
141 328 1
478 364 1
194 163 1
46 285 1
149 59 1
178 145 1
37 232 1
214 364 1
210 307 1
49 116 1
234 163 1
9 41 1
23 370 1
122 236 1
271 93 1
80 28 1
142 364 1
44 191 1
252 145 1
235 59 1
25 6 1
460 269 1
338 92 1
47 328 1
18 191 1
106 8 1
51 61 1
14 191 1
7 83 1
46 219 1
35 304 1
216 329 1
252 271 1
24 50 1
56 282 1
26 59 1
13 297 1
10 65 1
151 59 1
5 26 1
9 65 1
43 332 1
280 180 1
55 302 1
109 9 1
19 63 1
10 378 1
210 50 1
75 40 1
40 219 1
122 50 1
47 123 1
173 35 1
58 59 1
306 63 1
405 328 1
47 304 1
36 65 1
116 107 1
252 61 1
90 310 1
42 286 1
408 163 1
30 364 1
31 126 1
340 59 1
75 65 1
31 130 1
59 159 1
81 59 1
345 119 1
46 216 1
175 123 1
470 328 1
278 285 1
69 119 1
281 340 1
180 370 1
88 13 1
184 171 1
403 364 1
29 59 1
19 244 1
88 321 1
236 50 1
8 237 1
135 340 1
72 282 1
80 304 1
39 282 1
159 239 1
14 108 1
140 16 1
70 304 1
8 92 1
65 302 1
181 145 1
254 92 1
9 282 1
57 307 1
178 253 1
24 202 1
31 54 1
46 175 1
14 185 1
190 217 1
106 292 1
178 50 1
138 210 1
286 54 1
31 164 1
86 356 1
110 67 1
46 307 1
14 107 1
190 238 1
34 378 1
75 252 1
253 328 1
122 298 1
88 210 1
223 63 1
6 328 1
68 307 1
176 145 1
267 134 1
43 212 1
224 328 1
202 290 1
305 218 1
291 328 1
163 236 1
240 253 1
27 6 1
305 59 1
216 147 1
18 76 1
145 285 1
488 364 1
18 93 1
164 232 1
16 185 1
227 206 1
28 35 1
318 59 1
407 219 1
367 364 1
119 88 1
136 76 1
11 169 1
5 97 1
258 190 1
114 126 1
194 328 1
46 247 1
288 377 1
10 380 1
200 120 1
447 239 1
49 163 1
150 353 1
167 307 1
158 212 1
323 59 1
140 216 1
117 341 1
154 257 1
7 364 1
349 328 1
168 38 1
306 145 1
175 377 1
172 263 1
10 6 1
389 126 1
197 44 1
135 120 1
23 6 1
216 260 1
168 236 1
19 224 1
118 126 1
84 304 1
14 16 1
72 65 1
88 59 1
426 210 1
44 126 1
2 200 1
10 123 1
16 233 1
117 317 1
281 128 1
157 155 1
34 252 1
40 126 1
171 252 1
424 207 1
335 97 1
19 89 1
308 271 1
235 63 1
238 253 1
118 59 1
41 50 1
51 156 1
175 363 1
19 4 1
246 59 1
186 145 1
16 26 1
224 304 1
75 240 1
47 239 1
14 328 1
161 349 1
388 126 1
13 362 1
5 328 1
272 50 1
12 126 1
364 307 1
71 167 1
43 244 1
210 240 1
72 236 1
25 147 1
10 44 1
242 147 1
288 54 1
43 93 1
8 164 1
70 93 1
55 65 1
40 222 1
51 6 1
87 50 1
285 54 1
162 349 1
121 179 1
86 325 1
162 159 1
65 328 1
165 370 1
242 163 1
231 364 1
12 50 1
236 100 1
51 126 1
195 253 1
79 163 1
68 370 1
80 187 1
56 374 1
252 50 1
434 253 1
219 262 1
280 59 1
68 145 1
166 285 1
377 95 1
78 8 1
314 163 1
139 15 1
340 185 1
262 364 1
223 65 1
12 3 1
32 92 1
186 38 1
33 126 1
42 281 1
21 216 1
89 366 1
65 336 1
57 181 1
48 265 1
31 370 1
320 348 1
138 50 1
43 269 1
16 65 1
78 114 1
38 377 1
24 198 1
115 178 1
178 93 1
12 32 1
21 304 1
138 369 1
150 332 1
364 163 1
200 45 1
113 119 1
43 240 1
38 10 1
7 126 1
4 95 1
308 69 1
313 59 1
1 50 1
148 281 1
400 219 1
36 147 1
2 381 1
88 262 1
163 191 1
130 262 1
162 366 1
258 227 1
230 304 1
42 180 1
17 93 1
467 328 1
120 63 1
119 219 1
59 8 1
40 330 1
21 255 1
155 328 1
24 310 1
118 163 1
14 383 1
364 145 1
50 377 1
225 252 1
69 216 1
227 364 1
184 302 1
79 220 1
192 40 1
228 50 1
417 171 1
60 237 1
39 240 1
91 59 1
141 119 1
51 255 1
14 102 1
146 342 1
19 60 1
150 342 1
118 207 1
14 303 1
81 379 1
132 11 1
12 297 1
46 159 1
28 255 1
7 186 1
36 69 1
171 219 1
106 253 1
71 260 1
396 139 1
18 63 1
146 253 1
81 50 1
234 50 1
106 123 1
68 8 1
23 120 1
71 50 1
125 142 1
6 342 1
121 11 1
252 125 1
84 252 1
280 164 1
10 336 1
72 147 1
384 126 1
162 59 1
199 145 1
84 307 1
149 27 1
293 63 1
110 285 1
78 119 1
156 304 1
195 50 1
163 349 1
37 377 1
122 93 1
14 345 1
337 239 1
71 255 1
71 219 1
328 324 1
154 26 1
19 133 1
118 193 1
227 232 1
193 53 1
60 315 1
43 166 1
16 266 1
77 364 1
349 364 1
412 163 1
216 378 1
287 63 1
47 221 1
175 235 1
230 63 1
19 35 1
56 304 1
18 240 1
28 244 1
131 206 1
47 219 1
135 92 1
51 50 1
307 290 1
94 50 1
28 212 1
39 164 1
201 106 1
177 271 1
160 65 1
148 252 1
164 46 1
57 236 1
270 93 1
78 257 1
123 63 1
216 216 1
425 328 1
117 282 1
286 377 1
6 253 1
149 17 1
36 377 1
14 145 1
121 236 1
79 282 1
131 59 1
30 56 1
111 38 1
127 126 1
19 236 1
180 50 1
43 271 1
19 92 1
176 50 1
73 219 1
158 341 1
125 285 1
13 93 1
193 369 1
20 145 1
15 50 1
162 364 1
65 320 1
156 353 1
111 9 1
242 253 1
42 375 1
121 367 1
2 95 1
19 270 1
163 142 1
47 232 1
318 252 1
120 290 1
19 217 1
351 63 1
19 102 1
90 364 1
31 119 1
118 253 1
280 147 1
24 173 1
227 282 1
59 350 1
209 50 1
87 59 1
12 356 1
47 163 1
154 353 1
28 296 1
41 159 1
391 126 1
171 59 1
46 328 1
14 276 1
48 145 1
14 13 1
6 171 1
152 120 1
204 93 1
117 323 1
158 373 1
210 285 1
147 59 1
36 145 1
409 163 1
17 59 1
19 171 1
181 38 1
119 281 1
6 310 1
119 119 1
374 93 1
86 50 1
306 137 1
148 50 1
109 119 1
367 239 1
113 159 1
94 145 1
7 255 1
308 163 1
116 59 1
51 310 1
50 210 1
207 61 1
263 328 1
327 163 1
10 282 1
349 351 1
131 126 1
76 236 1
169 366 1
117 159 1
29 364 1
118 11 1
343 236 1
166 53 1
289 63 1
290 54 1
14 50 1
81 307 1
119 253 1
454 253 1
214 50 1
119 186 1
167 330 1
18 65 1
43 216 1
31 93 1
425 282 1
52 286 1
19 119 1
40 10 1
38 307 1
68 35 1
328 253 1
17 328 1
14 273 1
8 377 1
68 190 1
146 332 1
373 236 1
204 59 1
7 11 1
37 207 1
251 59 1
161 32 1
230 163 1
71 281 1
441 239 1
34 119 1
108 44 1
56 38 1
117 33 1
119 236 1
13 282 1
24 90 1
48 93 1
18 123 1
43 307 1
281 145 1
315 59 1
24 63 1
68 236 1
28 51 1
141 77 1
39 253 1
14 126 1
31 147 1
118 282 1
75 260 1
84 378 1
25 124 1
9 63 1
86 173 1
65 212 1
3 163 1
33 263 1
135 375 1
65 224 1
216 198 1
166 281 1
149 240 1
148 147 1
409 377 1
247 145 1
230 282 1
154 108 1
70 33 1
25 11 1
357 93 1
39 237 1
39 243 1
69 260 1
109 364 1
400 145 1
252 222 1
171 307 1
141 34 1
178 362 1
295 290 1
15 11 1
2 11 1
46 15 1
16 253 1
130 236 1
177 253 1
77 282 1
169 341 1
15 186 1
158 290 1
11 163 1
79 271 1
19 126 1
38 227 1
65 221 1
16 4 1
47 32 1
70 38 1
17 61 1
305 376 1
149 259 1
306 333 1
12 318 1
5 227 1
200 240 1
8 257 1
154 282 1
148 382 1
91 119 1
71 216 1
63 112 1
333 163 1
150 216 1
3 1 1
208 181 1
148 236 1
151 33 1
17 240 1
158 282 1
345 271 1
162 191 1
14 376 1
44 35 1
194 82 1
357 65 1
71 364 1
362 338 1
164 341 1
60 365 1
75 212 1
14 38 1
160 159 1
86 216 1
315 61 1
5 275 1
6 59 1
31 339 1
9 147 1
76 253 1
28 380 1
55 216 1
224 50 1
193 74 1
91 93 1
44 232 1
79 61 1
80 379 1
286 328 1
369 93 1
77 304 1
36 93 1
45 253 1
359 120 1
40 252 1
43 255 1
48 304 1
145 269 1
81 171 1
121 101 1
138 364 1
421 252 1
88 171 1
138 282 1
219 236 1
44 199 1
269 163 1
20 185 1
169 236 1
176 65 1
313 370 1
65 272 1
343 163 1
60 159 1
165 59 1
405 345 1
133 272 1
31 304 1
47 126 1
183 63 1
60 50 1
26 281 1
19 94 1
65 120 1
35 119 1
118 219 1
126 63 1
55 248 1
12 282 1
55 268 1
43 248 1
178 369 1
126 253 1
390 126 1
21 282 1
88 92 1
56 54 1
204 232 1
364 92 1
11 3 1
19 304 1
227 377 1
7 120 1
117 304 1
267 364 1
27 142 1
149 323 1
132 345 1
307 254 1
43 145 1
286 63 1
75 145 1
12 92 1
47 299 1
5 341 1
127 282 1
182 364 1
19 237 1
27 50 1
59 119 1
119 92 1
316 184 1
125 262 1
175 320 1
8 205 1
14 63 1
120 11 1
104 216 1
268 120 1
6 264 1
93 364 1
225 192 1
103 8 1
124 41 1
14 64 1
178 328 1
28 167 1
11 219 1
30 321 1
39 159 1
19 51 1
113 126 1
6 236 1
135 376 1
160 63 1
17 307 1
373 93 1
11 69 1
88 32 1
77 59 1
181 285 1
13 269 1
65 260 1
154 105 1
124 307 1
158 36 1
257 50 1
386 123 1
131 65 1
152 24 1
59 191 1
169 93 1
227 107 1
93 304 1
180 163 1
213 59 1
18 269 1
5 219 1
15 281 1
176 255 1
86 253 1
294 145 1
42 282 1
164 50 1
13 245 1
178 59 1
320 207 1
37 108 1
120 364 1
482 364 1
2 126 1
31 307 1
241 63 1
10 163 1
143 107 1
110 65 1
45 304 1
227 219 1
18 50 1
434 364 1
124 365 1
79 93 1
18 16 1
37 328 1
43 302 1
2 257 1
178 232 1
264 364 1
12 107 1
18 107 1
175 120 1
139 147 1
39 120 1
77 126 1
13 210 1
492 377 1
16 69 1
96 8 1
141 93 1
163 119 1
159 59 1
116 336 1
92 376 1
55 377 1
13 241 1
314 59 1
52 304 1
12 198 1
471 328 1
200 93 1
155 282 1
162 307 1
310 59 1
165 63 1
145 59 1
6 16 1
258 50 1
144 145 1
295 54 1
168 59 1
24 105 1
219 63 1
123 377 1
23 282 1
258 341 1
58 126 1
345 93 1
247 126 1
46 35 1
46 377 1
148 253 1
72 364 1
127 93 1
78 145 1
77 8 1
321 174 1
42 236 1
36 50 1
14 70 1
14 60 1
273 240 1
204 168 1
288 63 1
289 377 1
55 50 1
222 378 1
200 61 1
68 313 1
227 323 1
86 240 1
71 266 1
15 159 1
156 255 1
114 364 1
125 370 1
149 219 1
222 253 1
162 282 1
444 239 1
143 59 1
6 202 1
112 105 1
19 191 1
14 65 1
177 100 1
380 163 1
294 126 1
224 126 1
343 186 1
411 163 1
14 186 1
39 6 1
38 109 1
18 38 1
219 326 1
131 304 1
7 142 1
79 65 1
78 299 1
107 364 1
80 310 1
321 93 1
117 171 1
469 328 1
6 341 1
157 65 1
162 236 1
287 377 1
128 314 1
234 253 1
140 236 1
52 282 1
10 54 1
158 253 1
479 364 1
163 110 1
13 163 1
239 290 1
19 145 1
106 332 1
82 50 1
78 236 1
89 253 1
29 50 1
42 378 1
204 231 1
40 52 1
120 80 1
161 92 1
3 68 1
18 304 1
280 236 1
46 59 1
12 307 1
140 107 1
124 173 1
432 222 1
56 147 1
12 260 1
364 204 1
109 262 1
142 50 1
219 364 1
355 93 1
11 240 1
40 377 1
408 236 1
10 252 1
17 339 1
2 61 1
32 364 1
18 241 1
128 236 1
338 59 1
204 132 1
97 8 1
187 253 1
346 61 1
167 370 1
146 236 1
14 198 1
28 222 1
91 63 1
118 120 1
134 262 1
291 377 1
79 239 1
14 53 1
146 190 1
166 147 1
22 61 1
302 59 1
58 350 1
414 169 1
8 253 1
43 270 1
180 285 1
138 276 1
136 11 1
126 11 1
37 253 1
22 374 1
321 330 1
126 205 1
37 227 1
193 378 1
1 236 1
117 257 1
135 11 1
92 65 1
14 205 1
126 38 1
172 63 1
163 282 1
70 50 1
68 290 1
178 356 1
11 239 1
89 262 1
50 347 1
71 374 1
43 40 1
44 59 1
43 147 1
192 53 1
152 63 1
38 82 1
149 63 1
118 328 1
14 264 1
298 130 1
164 253 1
141 364 1
8 93 1
15 271 1
162 253 1
87 240 1
68 253 1
48 253 1
343 281 1
32 307 1
321 59 1
46 6 1
117 321 1
18 299 1
51 370 1
241 50 1
71 318 1
476 349 1
262 150 1
140 59 1
46 309 1
51 163 1
18 224 1
217 50 1
9 219 1
78 69 1
180 49 1
91 54 1
316 140 1
406 155 1
178 376 1
13 365 1
18 145 1
346 345 1
118 119 1
29 69 1
331 163 1
50 217 1
88 269 1
306 236 1
31 236 1
79 217 1
10 189 1
246 238 1
354 63 1
8 59 1
61 8 1
69 263 1
79 36 1
31 364 1
113 9 1
280 339 1
200 321 1
10 355 1
6 323 1
154 61 1
15 65 1
364 364 1
65 253 1
41 328 1
380 115 1
147 219 1
42 237 1
51 377 1
22 169 1
110 82 1
177 217 1
456 260 1
119 269 1
71 282 1
149 253 1
75 377 1
21 279 1
40 9 1
55 265 1
146 63 1
49 241 1
89 97 1
65 11 1
37 6 1
343 61 1
60 282 1
195 252 1
76 50 1
58 63 1
157 50 1
146 361 1
230 364 1
402 147 1
110 338 1
135 61 1
281 240 1
60 16 1
43 53 1
162 120 1
236 349 1
88 215 1
18 258 1
38 120 1
117 110 1
30 54 1
59 110 1
154 240 1
474 336 1
84 285 1
78 98 1
118 110 1
24 257 1
229 345 1
71 145 1
26 370 1
80 161 1
14 132 1
199 360 1
15 185 1
262 50 1
204 229 1
403 147 1
77 93 1
236 59 1
443 364 1
19 226 1
16 29 1
48 6 1
168 53 1
287 328 1
22 328 1
434 227 1
130 375 1
12 317 1
50 340 1
50 50 1
18 291 1
39 307 1
128 310 1
200 377 1
343 219 1
122 145 1
5 376 1
271 239 1
43 222 1
73 321 1
436 236 1
31 50 1
154 145 1
36 11 1
311 307 1
261 50 1
60 307 1
152 190 1
18 169 1
121 364 1
50 65 1
175 63 1
130 116 1
148 49 1
230 252 1
16 161 1
150 271 1
40 32 1
169 34 1
120 92 1
121 32 1
117 328 1
138 63 1
264 59 1
73 8 1
35 378 1
266 150 1
234 328 1
203 353 1
345 307 1
38 92 1
118 295 1
215 50 1
14 105 1
153 336 1
111 10 1
32 370 1
428 376 1
2 171 1
134 364 1
18 261 1
28 91 1
94 163 1
15 236 1
148 65 1
43 218 1
154 54 1
191 364 1
10 92 1
50 41 1
9 90 1
204 170 1
8 28 1
131 257 1
113 257 1
130 147 1
119 328 1
160 32 1
91 210 1
91 8 1
167 107 1
71 380 1
175 364 1
242 124 1
190 52 1
224 241 1
71 245 1
121 169 1
106 159 1
9 383 1
154 159 1
227 59 1
151 124 1
148 290 1
130 282 1
175 159 1
199 159 1
9 328 1
126 145 1
463 290 1
265 150 1
50 223 1
117 120 1
136 375 1
169 65 1
46 321 1
433 341 1
154 321 1
15 59 1
60 59 1
48 236 1
43 253 1
126 306 1
154 254 1
164 68 1
88 61 1
177 145 1
358 253 1
10 86 1
128 364 1
48 282 1
204 158 1
148 377 1
300 59 1
194 169 1
107 8 1
126 169 1
218 50 1
136 159 1
154 341 1
80 364 1
17 92 1
145 302 1
33 364 1
84 236 1
158 154 1
117 126 1
28 290 1
128 345 1
28 378 1
5 216 1
7 110 1
34 253 1
9 364 1
178 65 1
13 364 1
176 252 1
425 364 1
109 304 1
311 59 1
216 95 1
14 300 1
46 304 1
224 59 1
158 40 1
21 253 1
88 49 1
45 6 1
47 322 1
17 370 1
41 6 1
150 364 1
455 253 1
216 191 1
94 126 1
28 323 1
109 378 1
234 105 1
244 50 1
50 59 1
146 304 1
137 123 1
343 271 1
15 163 1
14 224 1
10 302 1
60 281 1
47 376 1
330 240 1
120 253 1
7 269 1
280 377 1
88 159 1
35 338 1
138 173 1
75 304 1
54 6 1
276 65 1
50 236 1
122 290 1
10 364 1
80 253 1
210 61 1
137 299 1
156 313 1
125 49 1
165 218 1
94 262 1
120 328 1
31 59 1
33 237 1
231 147 1
113 107 1
262 282 1
76 80 1
16 159 1
88 306 1
176 328 1
88 131 1
224 370 1
348 61 1
14 34 1
45 50 1
475 336 1
165 282 1
14 206 1
3 32 1
50 206 1
88 341 1
77 65 1
422 272 1
164 191 1
185 59 1
46 147 1
7 239 1
193 232 1
227 353 1
200 328 1
19 261 1
230 253 1
31 56 1
36 216 1
22 38 1
144 284 1
2 236 1
55 285 1
216 236 1
330 239 1
69 33 1
124 231 1
48 8 1
212 336 1
46 169 1
28 240 1
58 6 1
158 167 1
47 61 1
30 328 1
23 341 1
23 145 1
343 142 1
14 90 1
88 236 1
55 244 1
316 95 1
149 145 1
19 222 1
14 271 1
14 304 1
38 50 1
79 236 1
30 323 1
1 65 1
49 6 1
163 33 1
216 323 1
247 63 1
46 61 1
56 6 1
41 282 1
404 148 1
231 304 1
110 351 1
77 171 1
271 59 1
65 219 1
22 236 1
34 123 1
12 212 1
37 307 1
282 159 1
364 236 1
93 310 1
181 304 1
7 328 1
46 260 1
222 374 1
12 65 1
52 61 1
124 317 1
15 26 1
10 327 1
10 254 1
44 269 1
39 61 1
106 289 1
47 262 1
168 285 1
448 239 1
179 36 1
34 241 1
149 281 1
46 364 1
110 328 1
130 63 1
168 120 1
19 36 1
204 171 1
18 219 1
11 261 1
65 50 1
418 181 1
68 328 1
21 353 1
69 24 1
118 92 1
158 260 1
110 9 1
154 59 1
47 364 1
222 353 1
169 142 1
65 312 1
37 257 1
154 364 1
65 330 1
18 92 1
75 93 1
7 93 1
43 16 1
127 310 1
157 299 1
472 328 1
166 50 1
118 304 1
49 353 1
50 92 1
73 294 1
122 207 1
202 240 1
156 241 1
385 120 1
44 262 1
34 282 1
170 139 1
7 282 1
165 65 1
155 59 1
177 277 1
9 126 1
78 147 1
7 33 1
55 252 1
154 135 1
80 8 1
27 35 1
18 31 1
150 236 1
83 50 1
65 295 1
18 252 1
28 245 1
148 16 1
158 241 1
13 319 1
145 16 1
15 364 1
14 98 1
19 363 1
173 307 1
229 50 1
374 356 1
376 93 1
6 260 1
148 177 1
125 65 1
48 370 1
73 145 1
52 120 1
39 205 1
14 253 1
18 59 1
231 282 1
81 26 1
106 377 1
118 159 1
169 50 1
41 287 1
46 250 1
118 50 1
410 253 1
204 63 1
3 93 1
213 376 1
15 377 1
334 59 1
128 105 1
310 163 1
219 93 1
46 186 1
19 138 1
1 262 1
75 241 1
118 236 1
322 59 1
173 163 1
216 159 1
71 304 1
166 282 1
175 204 1
295 236 1
216 299 1
12 272 1
39 142 1
415 169 1
342 59 1
84 8 1
28 269 1
130 263 1
150 18 1
1 350 1
120 147 1
191 253 1
42 377 1
1 169 1
125 236 1
308 142 1
15 302 1
141 307 1
493 377 1
13 240 1
113 321 1
43 236 1
17 323 1
47 92 1
376 253 1
119 110 1
65 15 1
51 219 1
81 145 1
69 17 1
349 327 1
12 219 1
30 306 1
22 92 1
216 145 1
62 8 1
125 364 1
10 64 1
38 97 1
216 269 1
198 93 1
149 161 1
28 219 1
15 93 1
38 147 1
48 82 1
59 163 1
113 120 1
29 328 1
164 59 1
59 33 1
151 61 1
227 380 1
171 65 1
199 304 1
181 269 1
76 63 1
358 163 1
238 63 1
43 341 1
56 302 1
16 302 1
162 247 1
357 304 1
358 65 1
15 332 1
280 306 1
231 252 1
480.0 89.0 0
97.0 9.0 0
486.0 327.0 0
440.0 261.0 0
387.0 315.0 0
201.0 299.0 0
197.0 315.0 0
284.0 353.0 0
353.0 155.0 0
431.0 218.0 0
490.0 57.0 0
244.0 211.0 0
27.0 364.0 0
355.0 89.0 0
422.0 180.0 0
399.0 128.0 0
388.0 85.0 0
186.0 231.0 0
245.0 333.0 0
307.0 273.0 0
373.0 171.0 0
337.0 9.0 0
307.0 70.0 0
454.0 375.0 0
354.0 21.0 0
438.0 324.0 0
428.0 327.0 0
91.0 20.0 0
330.0 315.0 0
456.0 68.0 0
487.0 197.0 0
445.0 74.0 0
308.0 290.0 0
492.0 354.0 0
139.0 305.0 0
389.0 310.0 0
384.0 72.0 0
321.0 333.0 0
371.0 222.0 0
170.0 206.0 0
178.0 33.0 0
196.0 87.0 0
226.0 111.0 0
424.0 361.0 0
333.0 148.0 0
359.0 188.0 0
221.0 76.0 0
307.0 193.0 0
275.0 281.0 0
368.0 97.0 0
422.0 125.0 0
49.0 291.0 0
103.0 176.0 0
245.0 231.0 0
104.0 311.0 0
186.0 214.0 0
186.0 208.0 0
98.0 256.0 0
274.0 339.0 0
324.0 325.0 0
493.0 36.0 0
404.0 208.0 0
406.0 367.0 0
483.0 281.0 0
386.0 119.0 0
313.0 379.0 0
254.0 291.0 0
307.0 35.0 0
432.0 57.0 0
461.0 256.0 0
217.0 286.0 0
74.0 230.0 0
325.0 84.0 0
64.0 258.0 0
334.0 293.0 0
470.0 122.0 0
392.0 259.0 0
336.0 125.0 0
370.0 381.0 0
347.0 5.0 0
409.0 14.0 0
411.0 178.0 0
209.0 87.0 0
375.0 369.0 0
448.0 58.0 0
203.0 244.0 0
139.0 168.0 0
425.0 111.0 0
389.0 22.0 0
112.0 117.0 0
64.0 275.0 0
271.0 309.0 0
250.0 153.0 0
99.0 191.0 0
344.0 355.0 0
475.0 185.0 0
389.0 121.0 0
61.0 377.0 0
190.0 57.0 0
484.0 148.0 0
435.0 209.0 0
359.0 42.0 0
384.0 270.0 0
271.0 257.0 0
309.0 244.0 0
456.0 288.0 0
226.0 196.0 0
184.0 104.0 0
396.0 137.0 0
83.0 204.0 0
252.0 28.0 0
321.0 142.0 0
276.0 47.0 0
391.0 332.0 0
256.0 380.0 0
63.0 315.0 0
336.0 318.0 0
408.0 86.0 0
402.0 151.0 0
432.0 223.0 0
340.0 375.0 0
391.0 356.0 0
322.0 105.0 0
209.0 177.0 0
366.0 12.0 0
334.0 363.0 0
329.0 67.0 0
246.0 338.0 0
336.0 24.0 0
323.0 86.0 0
96.0 306.0 0
423.0 2.0 0
251.0 8.0 0
464.0 46.0 0
70.0 32.0 0
414.0 146.0 0
487.0 91.0 0
367.0 379.0 0
370.0 250.0 0
390.0 36.0 0
240.0 57.0 0
379.0 180.0 0
370.0 367.0 0
447.0 17.0 0
95.0 231.0 0
431.0 234.0 0
151.0 89.0 0
312.0 138.0 0
90.0 220.0 0
481.0 190.0 0
177.0 85.0 0
494.0 326.0 0
475.0 207.0 0
402.0 65.0 0
432.0 82.0 0
233.0 141.0 0
460.0 247.0 0
331.0 193.0 0
445.0 237.0 0
407.0 368.0 0
452.0 219.0 0
295.0 359.0 0
289.0 1.0 0
381.0 235.0 0
348.0 335.0 0
320.0 266.0 0
168.0 380.0 0
446.0 160.0 0
289.0 202.0 0
3.0 195.0 0
481.0 61.0 0
399.0 110.0 0
307.0 220.0 0
373.0 341.0 0
337.0 16.0 0
323.0 139.0 0
213.0 179.0 0
232.0 310.0 0
346.0 200.0 0
380.0 378.0 0
339.0 149.0 0
259.0 345.0 0
335.0 133.0 0
268.0 81.0 0
330.0 234.0 0
291.0 292.0 0
468.0 29.0 0
198.0 28.0 0
393.0 269.0 0
280.0 237.0 0
327.0 34.0 0
96.0 348.0 0
434.0 372.0 0
3.0 147.0 0
326.0 19.0 0
27.0 191.0 0
432.0 50.0 0
419.0 15.0 0
328.0 184.0 0
89.0 292.0 0
481.0 77.0 0
421.0 225.0 0
428.0 37.0 0
233.0 126.0 0
418.0 67.0 0
269.0 94.0 0
329.0 153.0 0
494.0 341.0 0
3.0 288.0 0
309.0 196.0 0
317.0 96.0 0
208.0 176.0 0
326.0 105.0 0
314.0 259.0 0
429.0 314.0 0
403.0 205.0 0
217.0 316.0 0
203.0 217.0 0
262.0 292.0 0
204.0 361.0 0
3.0 328.0 0
356.0 80.0 0
392.0 26.0 0
435.0 266.0 0
217.0 140.0 0
196.0 284.0 0
303.0 268.0 0
390.0 83.0 0
327.0 160.0 0
340.0 280.0 0
465.0 380.0 0
475.0 285.0 0
493.0 44.0 0
300.0 36.0 0
159.0 163.0 0
241.0 327.0 0
85.0 146.0 0
398.0 201.0 0
218.0 61.0 0
217.0 309.0 0
483.0 167.0 0
243.0 195.0 0
461.0 255.0 0
383.0 256.0 0
486.0 300.0 0
443.0 360.0 0
434.0 285.0 0
492.0 21.0 0
363.0 34.0 0
310.0 1.0 0
147.0 330.0 0
206.0 50.0 0
248.0 34.0 0
417.0 176.0 0
249.0 33.0 0
143.0 223.0 0
205.0 330.0 0
356.0 199.0 0
247.0 352.0 0
330.0 273.0 0
357.0 14.0 0
478.0 158.0 0
151.0 55.0 0
385.0 15.0 0
142.0 307.0 0
269.0 269.0 0
331.0 290.0 0
306.0 69.0 0
351.0 229.0 0
346.0 7.0 0
353.0 309.0 0
489.0 304.0 0
483.0 67.0 0
61.0 35.0 0
97.0 4.0 0
308.0 45.0 0
170.0 301.0 0
393.0 176.0 0
211.0 221.0 0
296.0 362.0 0
271.0 371.0 0
416.0 270.0 0
289.0 124.0 0
342.0 200.0 0
177.0 99.0 0
312.0 116.0 0
402.0 3.0 0
275.0 256.0 0
321.0 223.0 0
213.0 48.0 0
327.0 105.0 0
174.0 117.0 0
228.0 155.0 0
420.0 120.0 0
220.0 106.0 0
453.0 373.0 0
462.0 75.0 0
386.0 56.0 0
455.0 300.0 0
352.0 67.0 0
413.0 235.0 0
289.0 372.0 0
360.0 139.0 0
399.0 312.0 0
422.0 39.0 0
214.0 38.0 0
475.0 15.0 0
476.0 19.0 0
390.0 113.0 0
452.0 137.0 0
70.0 66.0 0
64.0 250.0 0
416.0 273.0 0
87.0 35.0 0
244.0 235.0 0
413.0 280.0 0
406.0 360.0 0
278.0 81.0 0
490.0 313.0 0
372.0 51.0 0
449.0 22.0 0
272.0 2.0 0
280.0 204.0 0
458.0 202.0 0
375.0 380.0 0
244.0 17.0 0
20.0 11.0 0
26.0 236.0 0
372.0 111.0 0
381.0 301.0 0
184.0 309.0 0
246.0 230.0 0
283.0 306.0 0
356.0 153.0 0
292.0 370.0 0
466.0 188.0 0
215.0 336.0 0
375.0 25.0 0
212.0 133.0 0
192.0 232.0 0
108.0 351.0 0
469.0 12.0 0
309.0 111.0 0
292.0 335.0 0
321.0 13.0 0
470.0 215.0 0
174.0 304.0 0
403.0 377.0 0
234.0 160.0 0
367.0 234.0 0
460.0 33.0 0
349.0 244.0 0
295.0 92.0 0
475.0 98.0 0
494.0 216.0 0
159.0 353.0 0
423.0 264.0 0
143.0 181.0 0
104.0 255.0 0
370.0 59.0 0
139.0 219.0 0
353.0 327.0 0
369.0 286.0 0
432.0 297.0 0
417.0 186.0 0
367.0 231.0 0
102.0 315.0 0
468.0 127.0 0
103.0 351.0 0
99.0 155.0 0
250.0 260.0 0
186.0 45.0 0
290.0 379.0 0
27.0 150.0 0
87.0 87.0 0
323.0 36.0 0
188.0 102.0 0
322.0 155.0 0
360.0 102.0 0
235.0 176.0 0
374.0 358.0 0
442.0 192.0 0
338.0 315.0 0
100.0 373.0 0
302.0 71.0 0
375.0 143.0 0
228.0 345.0 0
177.0 372.0 0
302.0 364.0 0
313.0 326.0 0
321.0 188.0 0
252.0 64.0 0
178.0 21.0 0
308.0 227.0 0
228.0 58.0 0
466.0 154.0 0
325.0 251.0 0
338.0 323.0 0
398.0 368.0 0
414.0 320.0 0
487.0 213.0 0
108.0 330.0 0
187.0 7.0 0
424.0 127.0 0
206.0 281.0 0
152.0 178.0 0
457.0 302.0 0
153.0 325.0 0
477.0 252.0 0
265.0 11.0 0
258.0 321.0 0
448.0 241.0 0
412.0 290.0 0
487.0 302.0 0
170.0 258.0 0
431.0 152.0 0
147.0 187.0 0
348.0 21.0 0
355.0 59.0 0
341.0 36.0 0
283.0 34.0 0
352.0 44.0 0
341.0 204.0 0
244.0 8.0 0
374.0 63.0 0
414.0 357.0 0
453.0 41.0 0
203.0 39.0 0
384.0 283.0 0
179.0 315.0 0
165.0 122.0 0
431.0 198.0 0
218.0 271.0 0
236.0 161.0 0
255.0 226.0 0
233.0 87.0 0
464.0 15.0 0
372.0 321.0 0
285.0 27.0 0
137.0 249.0 0
389.0 270.0 0
374.0 217.0 0
458.0 363.0 0
468.0 286.0 0
190.0 175.0 0
459.0 241.0 0
455.0 253.0 0
66.0 257.0 0
133.0 66.0 0
274.0 56.0 0
342.0 368.0 0
255.0 219.0 0
209.0 38.0 0
277.0 5.0 0
321.0 292.0 0
413.0 206.0 0
422.0 340.0 0
147.0 218.0 0
98.0 367.0 0
492.0 69.0 0
296.0 267.0 0
290.0 307.0 0
430.0 195.0 0
463.0 53.0 0
391.0 36.0 0
394.0 295.0 0
411.0 120.0 0
490.0 357.0 0
455.0 378.0 0
64.0 284.0 0
431.0 297.0 0
271.0 25.0 0
147.0 56.0 0
307.0 208.0 0
389.0 166.0 0
334.0 18.0 0
351.0 107.0 0
366.0 294.0 0
385.0 136.0 0
271.0 210.0 0
159.0 347.0 0
413.0 89.0 0
462.0 25.0 0
475.0 93.0 0
393.0 183.0 0
196.0 71.0 0
372.0 45.0 0
178.0 157.0 0
197.0 276.0 0
442.0 348.0 0
335.0 178.0 0
375.0 45.0 0
411.0 220.0 0
338.0 31.0 0
482.0 129.0 0
165.0 181.0 0
303.0 25.0 0
481.0 28.0 0
259.0 195.0 0
105.0 166.0 0
256.0 327.0 0
410.0 143.0 0
481.0 298.0 0
325.0 279.0 0
232.0 282.0 0
245.0 139.0 0
481.0 163.0 0
470.0 165.0 0
391.0 299.0 0
89.0 364.0 0
455.0 18.0 0
197.0 48.0 0
331.0 196.0 0
334.0 153.0 0
287.0 31.0 0
380.0 313.0 0
297.0 100.0 0
444.0 341.0 0
220.0 259.0 0
327.0 285.0 0
406.0 161.0 0
384.0 39.0 0
484.0 29.0 0
430.0 120.0 0
320.0 166.0 0
179.0 185.0 0
151.0 202.0 0
429.0 230.0 0
213.0 78.0 0
104.0 70.0 0
333.0 247.0 0
396.0 163.0 0
208.0 247.0 0
177.0 345.0 0
407.0 61.0 0
262.0 206.0 0
334.0 56.0 0
440.0 70.0 0
245.0 281.0 0
471.0 19.0 0
159.0 153.0 0
299.0 90.0 0
290.0 81.0 0
455.0 265.0 0
308.0 276.0 0
474.0 83.0 0
423.0 137.0 0
417.0 298.0 0
82.0 25.0 0
488.0 168.0 0
396.0 77.0 0
302.0 78.0 0
435.0 286.0 0
278.0 89.0 0
396.0 342.0 0
448.0 97.0 0
445.0 47.0 0
309.0 39.0 0
160.0 378.0 0
432.0 314.0 0
213.0 39.0 0
450.0 340.0 0
329.0 326.0 0
468.0 66.0 0
448.0 83.0 0
270.0 206.0 0
289.0 218.0 0
378.0 21.0 0
462.0 86.0 0
335.0 147.0 0
255.0 285.0 0
443.0 28.0 0
402.0 70.0 0
3.0 113.0 0
179.0 21.0 0
479.0 94.0 0
402.0 109.0 0
368.0 102.0 0
209.0 103.0 0
281.0 263.0 0
473.0 72.0 0
96.0 350.0 0
264.0 297.0 0
111.0 275.0 0
372.0 81.0 0
448.0 327.0 0
352.0 166.0 0
399.0 310.0 0
189.0 114.0 0
284.0 1.0 0
26.0 178.0 0
432.0 190.0 0
427.0 279.0 0
398.0 336.0 0
406.0 339.0 0
447.0 52.0 0
241.0 367.0 0
303.0 363.0 0
101.0 232.0 0
189.0 250.0 0
83.0 224.0 0
406.0 182.0 0
184.0 28.0 0
316.0 244.0 0
468.0 158.0 0
209.0 142.0 0
174.0 309.0 0
478.0 301.0 0
27.0 116.0 0
263.0 50.0 0
388.0 101.0 0
99.0 39.0 0
440.0 30.0 0
330.0 329.0 0
200.0 362.0 0
442.0 269.0 0
403.0 326.0 0
265.0 312.0 0
428.0 224.0 0
142.0 241.0 0
366.0 274.0 0
389.0 148.0 0
416.0 282.0 0
103.0 341.0 0
176.0 354.0 0
469.0 33.0 0
207.0 153.0 0
316.0 268.0 0
142.0 159.0 0
232.0 286.0 0
290.0 341.0 0
251.0 253.0 0
190.0 108.0 0
349.0 304.0 0
410.0 45.0 0
61.0 343.0 0
91.0 199.0 0
318.0 37.0 0
315.0 111.0 0
70.0 16.0 0
92.0 108.0 0
309.0 19.0 0
26.0 343.0 0
351.0 143.0 0
101.0 375.0 0
271.0 207.0 0
456.0 299.0 0
27.0 186.0 0
475.0 28.0 0
214.0 127.0 0
360.0 361.0 0
348.0 8.0 0
468.0 333.0 0
386.0 25.0 0
341.0 380.0 0
104.0 271.0 0
3.0 152.0 0
207.0 210.0 0
470.0 34.0 0
391.0 242.0 0
377.0 93.0 0
323.0 341.0 0
482.0 13.0 0
251.0 290.0 0
336.0 81.0 0
424.0 164.0 0
93.0 137.0 0
467.0 1.0 0
437.0 62.0 0
316.0 191.0 0
356.0 83.0 0
283.0 134.0 0
407.0 90.0 0
301.0 208.0 0
463.0 376.0 0
247.0 323.0 0
421.0 0.0 0
357.0 201.0 0
277.0 201.0 0
236.0 141.0 0
107.0 46.0 0
458.0 104.0 0
211.0 356.0 0
443.0 303.0 0
480.0 195.0 0
350.0 222.0 0
254.0 254.0 0
378.0 75.0 0
446.0 373.0 0
349.0 232.0 0
295.0 261.0 0
455.0 212.0 0
187.0 280.0 0
247.0 133.0 0
87.0 39.0 0
433.0 133.0 0
434.0 184.0 0
332.0 266.0 0
67.0 276.0 0
420.0 32.0 0
177.0 51.0 0
249.0 233.0 0
313.0 380.0 0
95.0 115.0 0
133.0 16.0 0
116.0 371.0 0
282.0 199.0 0
188.0 47.0 0
390.0 359.0 0
92.0 115.0 0
420.0 142.0 0
466.0 321.0 0
246.0 314.0 0
463.0 4.0 0
160.0 125.0 0
404.0 237.0 0
276.0 211.0 0
335.0 247.0 0
174.0 289.0 0
369.0 351.0 0
320.0 236.0 0
388.0 271.0 0
236.0 262.0 0
280.0 1.0 0
385.0 237.0 0
471.0 179.0 0
62.0 157.0 0
353.0 69.0 0
103.0 316.0 0
288.0 30.0 0
203.0 249.0 0
291.0 100.0 0
189.0 54.0 0
111.0 83.0 0
82.0 41.0 0
388.0 106.0 0
244.0 130.0 0
192.0 370.0 0
475.0 99.0 0
177.0 317.0 0
396.0 125.0 0
151.0 98.0 0
98.0 54.0 0
250.0 106.0 0
394.0 284.0 0
306.0 194.0 0
390.0 99.0 0
111.0 28.0 0
196.0 10.0 0
299.0 21.0 0
377.0 32.0 0
284.0 180.0 0
308.0 10.0 0
392.0 49.0 0
100.0 45.0 0
396.0 63.0 0
276.0 131.0 0
3.0 293.0 0
292.0 107.0 0
174.0 274.0 0
403.0 314.0 0
398.0 227.0 0
446.0 335.0 0
324.0 172.0 0
276.0 350.0 0
152.0 170.0 0
373.0 367.0 0
241.0 328.0 0
368.0 197.0 0
245.0 169.0 0
369.0 55.0 0
133.0 179.0 0
268.0 356.0 0
399.0 275.0 0
21.0 128.0 0
270.0 303.0 0
454.0 323.0 0
348.0 328.0 0
408.0 359.0 0
478.0 31.0 0
319.0 201.0 0
419.0 130.0 0
381.0 176.0 0
61.0 79.0 0
287.0 81.0 0
250.0 85.0 0
301.0 228.0 0
390.0 266.0 0
276.0 143.0 0
63.0 61.0 0
438.0 164.0 0
480.0 171.0 0
137.0 154.0 0
393.0 113.0 0
282.0 332.0 0
381.0 277.0 0
353.0 268.0 0
152.0 79.0 0
346.0 221.0 0
311.0 147.0 0
98.0 183.0 0
429.0 335.0 0
372.0 309.0 0
321.0 102.0 0
386.0 292.0 0
298.0 21.0 0
49.0 265.0 0
415.0 82.0 0
338.0 127.0 0
167.0 307.0 0
95.0 68.0 0
485.0 59.0 0
445.0 352.0 0
306.0 367.0 0
187.0 54.0 0
297.0 380.0 0
449.0 61.0 0
483.0 308.0 0
256.0 289.0 0
481.0 222.0 0
383.0 235.0 0
280.0 180.0 0
289.0 174.0 0
448.0 341.0 0
208.0 353.0 0
297.0 283.0 0
290.0 59.0 0
385.0 378.0 0
279.0 104.0 0
486.0 82.0 0
147.0 129.0 0
285.0 61.0 0
214.0 150.0 0
206.0 51.0 0
151.0 323.0 0
186.0 269.0 0
234.0 351.0 0
478.0 58.0 0
232.0 175.0 0
480.0 208.0 0
400.0 1.0 0
333.0 246.0 0
426.0 238.0 0
321.0 87.0 0
91.0 99.0 0
352.0 10.0 0
322.0 187.0 0
314.0 350.0 0
371.0 113.0 0
366.0 186.0 0
396.0 151.0 0
318.0 187.0 0
422.0 377.0 0
21.0 320.0 0
450.0 228.0 0
440.0 15.0 0
379.0 151.0 0
262.0 180.0 0
476.0 212.0 0
330.0 287.0 0
289.0 197.0 0
406.0 213.0 0
27.0 114.0 0
472.0 230.0 0
307.0 132.0 0
374.0 309.0 0
354.0 296.0 0
375.0 170.0 0
201.0 60.0 0
482.0 220.0 0
428.0 373.0 0
493.0 219.0 0
402.0 44.0 0
160.0 339.0 0
301.0 59.0 0
468.0 280.0 0
63.0 235.0 0
388.0 292.0 0
304.0 274.0 0
107.0 364.0 0
334.0 128.0 0
189.0 224.0 0
196.0 256.0 0
215.0 242.0 0
463.0 16.0 0
367.0 310.0 0
411.0 137.0 0
264.0 105.0 0
258.0 256.0 0
442.0 48.0 0
444.0 157.0 0
179.0 90.0 0
376.0 296.0 0
309.0 356.0 0
400.0 25.0 0
250.0 160.0 0
177.0 246.0 0
212.0 30.0 0
70.0 80.0 0
280.0 280.0 0
200.0 306.0 0
363.0 326.0 0
434.0 144.0 0
278.0 285.0 0
453.0 241.0 0
170.0 316.0 0
139.0 258.0 0
306.0 114.0 0
311.0 53.0 0
20.0 329.0 0
259.0 214.0 0
256.0 97.0 0
306.0 381.0 0
376.0 287.0 0
186.0 298.0 0
374.0 365.0 0
287.0 279.0 0
483.0 46.0 0
422.0 173.0 0
293.0 58.0 0
357.0 168.0 0
67.0 162.0 0
470.0 162.0 0
354.0 280.0 0
417.0 101.0 0
354.0 35.0 0
411.0 368.0 0
329.0 33.0 0
401.0 207.0 0
349.0 274.0 0
63.0 136.0 0
410.0 28.0 0
369.0 120.0 0
446.0 175.0 0
479.0 282.0 0
318.0 129.0 0
402.0 196.0 0
236.0 326.0 0
482.0 101.0 0
356.0 280.0 0
321.0 371.0 0
415.0 119.0 0
200.0 236.0 0
91.0 300.0 0
312.0 135.0 0
97.0 150.0 0
464.0 244.0 0
96.0 184.0 0
332.0 173.0 0
264.0 295.0 0
142.0 286.0 0
300.0 198.0 0
107.0 363.0 0
268.0 213.0 0
290.0 270.0 0
400.0 133.0 0
309.0 317.0 0
192.0 48.0 0
419.0 167.0 0
333.0 159.0 0
188.0 299.0 0
61.0 202.0 0
474.0 24.0 0
391.0 285.0 0
49.0 149.0 0
322.0 223.0 0
439.0 204.0 0
133.0 139.0 0
278.0 163.0 0
221.0 250.0 0
259.0 237.0 0
423.0 58.0 0
490.0 318.0 0
248.0 345.0 0
444.0 371.0 0
301.0 304.0 0
311.0 10.0 0
262.0 217.0 0
288.0 315.0 0
407.0 143.0 0
184.0 160.0 0
399.0 295.0 0
463.0 378.0 0
203.0 356.0 0
251.0 251.0 0
375.0 209.0 0
214.0 88.0 0
456.0 295.0 0
383.0 73.0 0
307.0 137.0 0
241.0 273.0 0
179.0 334.0 0
367.0 261.0 0
402.0 4.0 0
390.0 93.0 0
357.0 231.0 0
388.0 33.0 0
369.0 171.0 0
476.0 187.0 0
240.0 210.0 0
413.0 120.0 0
293.0 275.0 0
458.0 216.0 0
438.0 144.0 0
446.0 5.0 0
20.0 107.0 0
95.0 209.0 0
20.0 23.0 0
489.0 190.0 0
466.0 246.0 0
161.0 240.0 0
20.0 64.0 0
426.0 153.0 0
197.0 364.0 0
107.0 220.0 0
101.0 356.0 0
3.0 67.0 0
393.0 191.0 0
192.0 202.0 0
329.0 46.0 0
439.0 175.0 0
107.0 125.0 0
309.0 242.0 0
431.0 246.0 0
221.0 37.0 0
95.0 277.0 0
203.0 255.0 0
446.0 315.0 0
391.0 111.0 0
317.0 300.0 0
342.0 5.0 0
214.0 234.0 0
303.0 212.0 0
265.0 178.0 0
258.0 290.0 0
246.0 281.0 0
21.0 269.0 0
337.0 149.0 0
309.0 155.0 0
465.0 267.0 0
375.0 273.0 0
359.0 63.0 0
101.0 73.0 0
468.0 257.0 0
465.0 176.0 0
399.0 76.0 0
462.0 114.0 0
433.0 361.0 0
218.0 372.0 0
486.0 342.0 0
475.0 369.0 0
314.0 30.0 0
279.0 353.0 0
241.0 150.0 0
427.0 294.0 0
463.0 77.0 0
327.0 114.0 0
442.0 83.0 0
265.0 130.0 0
449.0 229.0 0
354.0 348.0 0
187.0 76.0 0
262.0 295.0 0
421.0 300.0 0
278.0 157.0 0
97.0 89.0 0
412.0 93.0 0
444.0 352.0 0
139.0 251.0 0
137.0 310.0 0
410.0 20.0 0
256.0 333.0 0
220.0 360.0 0
285.0 52.0 0
346.0 279.0 0
377.0 147.0 0
254.0 144.0 0
177.0 268.0 0
485.0 190.0 0
49.0 288.0 0
203.0 59.0 0
320.0 122.0 0
263.0 292.0 0
316.0 327.0 0
233.0 324.0 0
177.0 176.0 0
402.0 47.0 0
167.0 28.0 0
477.0 295.0 0
20.0 231.0 0
344.0 148.0 0
209.0 137.0 0
276.0 140.0 0
438.0 172.0 0
408.0 371.0 0
241.0 30.0 0
0.0 299.0 0
439.0 276.0 0
214.0 59.0 0
70.0 273.0 0
337.0 227.0 0
371.0 357.0 0
468.0 319.0 0
457.0 124.0 0
232.0 287.0 0
397.0 110.0 0
255.0 318.0 0
286.0 236.0 0
283.0 2.0 0
350.0 139.0 0
384.0 346.0 0
262.0 258.0 0
402.0 9.0 0
431.0 350.0 0
369.0 285.0 0
394.0 18.0 0
208.0 156.0 0
398.0 292.0 0
403.0 365.0 0
205.0 160.0 0
456.0 337.0 0
152.0 50.0 0
21.0 49.0 0
400.0 239.0 0
373.0 57.0 0
0.0 133.0 0
350.0 215.0 0
108.0 342.0 0
351.0 35.0 0
298.0 142.0 0
401.0 227.0 0
369.0 281.0 0
255.0 104.0 0
321.0 1.0 0
83.0 321.0 0
273.0 64.0 0
387.0 31.0 0
376.0 151.0 0
236.0 251.0 0
226.0 271.0 0
203.0 134.0 0
468.0 102.0 0
187.0 265.0 0
420.0 2.0 0
336.0 65.0 0
379.0 200.0 0
333.0 137.0 0
341.0 144.0 0
280.0 302.0 0
440.0 136.0 0
413.0 2.0 0
201.0 306.0 0
96.0 237.0 0
311.0 161.0 0
209.0 197.0 0
306.0 294.0 0
189.0 359.0 0
300.0 92.0 0
324.0 187.0 0
93.0 90.0 0
240.0 117.0 0
280.0 95.0 0
286.0 27.0 0
248.0 132.0 0
277.0 353.0 0
99.0 362.0 0
313.0 239.0 0
83.0 340.0 0
64.0 314.0 0
159.0 190.0 0
490.0 26.0 0
317.0 185.0 0
335.0 205.0 0
151.0 154.0 0
112.0 206.0 0
245.0 109.0 0
407.0 227.0 0
393.0 195.0 0
474.0 284.0 0
287.0 126.0 0
380.0 67.0 0
379.0 260.0 0
237.0 115.0 0
432.0 250.0 0
254.0 113.0 0
434.0 224.0 0
463.0 18.0 0
400.0 159.0 0
340.0 251.0 0
458.0 377.0 0
61.0 324.0 0
472.0 141.0 0
493.0 290.0 0
487.0 264.0 0
396.0 303.0 0
190.0 31.0 0
251.0 209.0 0
434.0 50.0 0
64.0 313.0 0
165.0 209.0 0
161.0 188.0 0
475.0 295.0 0
285.0 192.0 0
190.0 154.0 0
251.0 177.0 0
473.0 23.0 0
234.0 338.0 0
447.0 273.0 0
64.0 170.0 0
200.0 41.0 0
473.0 262.0 0
443.0 73.0 0
91.0 226.0 0
333.0 308.0 0
332.0 220.0 0
410.0 374.0 0
322.0 89.0 0
320.0 312.0 0
457.0 285.0 0
419.0 193.0 0
360.0 132.0 0
308.0 221.0 0
165.0 119.0 0
160.0 137.0 0
348.0 265.0 0
313.0 309.0 0
209.0 82.0 0
249.0 352.0 0
91.0 324.0 0
412.0 281.0 0
306.0 146.0 0
300.0 285.0 0
447.0 163.0 0
449.0 87.0 0
475.0 246.0 0
103.0 52.0 0
493.0 22.0 0
465.0 11.0 0
357.0 116.0 0
334.0 228.0 0
89.0 150.0 0
49.0 108.0 0
304.0 354.0 0
289.0 168.0 0
63.0 342.0 0
116.0 301.0 0
459.0 155.0 0
152.0 141.0 0
411.0 268.0 0
203.0 236.0 0
190.0 38.0 0
467.0 41.0 0
481.0 6.0 0
243.0 265.0 0
178.0 253.0 0
252.0 61.0 0
101.0 9.0 0
488.0 195.0 0
392.0 98.0 0
331.0 266.0 0
406.0 317.0 0
429.0 250.0 0
353.0 264.0 0
399.0 54.0 0
475.0 223.0 0
378.0 83.0 0
400.0 27.0 0
206.0 218.0 0
385.0 79.0 0
226.0 256.0 0
481.0 357.0 0
371.0 308.0 0
480.0 224.0 0
237.0 350.0 0
198.0 5.0 0
96.0 85.0 0
490.0 47.0 0
213.0 322.0 0
204.0 167.0 0
89.0 377.0 0
205.0 38.0 0
336.0 50.0 0
85.0 321.0 0
485.0 2.0 0
400.0 314.0 0
83.0 234.0 0
493.0 268.0 0
376.0 166.0 0
421.0 236.0 0
356.0 207.0 0
247.0 350.0 0
325.0 150.0 0
456.0 349.0 0
342.0 45.0 0
492.0 95.0 0
287.0 353.0 0
359.0 69.0 0
312.0 224.0 0
483.0 381.0 0
63.0 129.0 0
466.0 61.0 0
111.0 200.0 0
444.0 248.0 0
228.0 179.0 0
484.0 351.0 0
407.0 107.0 0
264.0 11.0 0
366.0 262.0 0
218.0 1.0 0
449.0 157.0 0
105.0 321.0 0
380.0 76.0 0
220.0 61.0 0
355.0 104.0 0
404.0 241.0 0
355.0 263.0 0
415.0 4.0 0
424.0 239.0 0
250.0 142.0 0
474.0 76.0 0
488.0 382.0 0
482.0 56.0 0
313.0 168.0 0
360.0 131.0 0
280.0 274.0 0
368.0 184.0 0
326.0 372.0 0
457.0 263.0 0
444.0 200.0 0
484.0 239.0 0
356.0 206.0 0
328.0 57.0 0
298.0 227.0 0
271.0 110.0 0
426.0 53.0 0
313.0 68.0 0
167.0 64.0 0
412.0 359.0 0
416.0 236.0 0
217.0 259.0 0
269.0 198.0 0
271.0 359.0 0
262.0 324.0 0
416.0 127.0 0
91.0 124.0 0
414.0 107.0 0
370.0 119.0 0
433.0 22.0 0
330.0 46.0 0
170.0 113.0 0
462.0 173.0 0
342.0 56.0 0
295.0 140.0 0
485.0 267.0 0
176.0 284.0 0
422.0 85.0 0
371.0 174.0 0
447.0 359.0 0
487.0 14.0 0
490.0 66.0 0
289.0 225.0 0
426.0 28.0 0
420.0 191.0 0
327.0 293.0 0
346.0 56.0 0
167.0 289.0 0
179.0 198.0 0
434.0 67.0 0
309.0 354.0 0
432.0 62.0 0
390.0 187.0 0
406.0 193.0 0
418.0 359.0 0
221.0 242.0 0
468.0 299.0 0
483.0 68.0 0
489.0 90.0 0
85.0 258.0 0
111.0 268.0 0
313.0 8.0 0
378.0 240.0 0
382.0 252.0 0
464.0 356.0 0
246.0 83.0 0
215.0 221.0 0
298.0 152.0 0
196.0 15.0 0
66.0 188.0 0
218.0 184.0 0
490.0 143.0 0
355.0 140.0 0
380.0 347.0 0
103.0 116.0 0
413.0 85.0 0
462.0 166.0 0
255.0 156.0 0
274.0 192.0 0
421.0 233.0 0
143.0 199.0 0
385.0 258.0 0
142.0 152.0 0
303.0 185.0 0
286.0 9.0 0
476.0 117.0 0
356.0 375.0 0
431.0 237.0 0
399.0 103.0 0
487.0 35.0 0
418.0 346.0 0
400.0 317.0 0
328.0 80.0 0
306.0 291.0 0
178.0 295.0 0
456.0 79.0 0
389.0 290.0 0
389.0 17.0 0
430.0 36.0 0
425.0 321.0 0
74.0 242.0 0
302.0 347.0 0
93.0 18.0 0
92.0 237.0 0
418.0 138.0 0
431.0 5.0 0
462.0 117.0 0
272.0 196.0 0
209.0 346.0 0
472.0 136.0 0
342.0 378.0 0
435.0 78.0 0
471.0 69.0 0
432.0 195.0 0
387.0 377.0 0
259.0 122.0 0
348.0 76.0 0
263.0 299.0 0
470.0 205.0 0
346.0 272.0 0
325.0 139.0 0
334.0 214.0 0
484.0 314.0 0
322.0 283.0 0
400.0 131.0 0
178.0 278.0 0
404.0 361.0 0
304.0 30.0 0
304.0 231.0 0
471.0 98.0 0
402.0 163.0 0
398.0 45.0 0
412.0 204.0 0
354.0 275.0 0
354.0 179.0 0
478.0 71.0 0
434.0 129.0 0
232.0 289.0 0
339.0 218.0 0
444.0 79.0 0
423.0 65.0 0
454.0 240.0 0
332.0 345.0 0
112.0 96.0 0
427.0 318.0 0
375.0 24.0 0
153.0 142.0 0
472.0 322.0 0
258.0 126.0 0
426.0 250.0 0
396.0 376.0 0
248.0 145.0 0
174.0 97.0 0
299.0 349.0 0
268.0 212.0 0
97.0 84.0 0
247.0 271.0 0
488.0 78.0 0
167.0 321.0 0
241.0 36.0 0
27.0 342.0 0
428.0 30.0 0
265.0 200.0 0
341.0 49.0 0
408.0 325.0 0
280.0 364.0 0
439.0 274.0 0
190.0 89.0 0
240.0 290.0 0
262.0 176.0 0
220.0 242.0 0
236.0 193.0 0
424.0 272.0 0
323.0 233.0 0
484.0 231.0 0
275.0 142.0 0
284.0 143.0 0
394.0 73.0 0
444.0 160.0 0
320.0 282.0 0
449.0 160.0 0
437.0 241.0 0
177.0 162.0 0
409.0 296.0 0
388.0 124.0 0
393.0 337.0 0
153.0 314.0 0
418.0 111.0 0
413.0 320.0 0
352.0 66.0 0
340.0 151.0 0
142.0 157.0 0
143.0 45.0 0
402.0 112.0 0
232.0 262.0 0
218.0 134.0 0
282.0 340.0 0
26.0 96.0 0
378.0 239.0 0
0.0 283.0 0
304.0 44.0 0
255.0 291.0 0
209.0 16.0 0
379.0 63.0 0
299.0 149.0 0
82.0 195.0 0
272.0 200.0 0
326.0 68.0 0
165.0 46.0 0
116.0 51.0 0
234.0 225.0 0
460.0 371.0 0
235.0 338.0 0
338.0 161.0 0
353.0 330.0 0
374.0 155.0 0
160.0 353.0 0
281.0 8.0 0
133.0 152.0 0
352.0 286.0 0
419.0 224.0 0
89.0 37.0 0
446.0 45.0 0
100.0 379.0 0
354.0 254.0 0
198.0 351.0 0
211.0 193.0 0
415.0 241.0 0
270.0 209.0 0
384.0 276.0 0
477.0 40.0 0
379.0 8.0 0
464.0 41.0 0
259.0 245.0 0
446.0 32.0 0
74.0 201.0 0
429.0 307.0 0
269.0 68.0 0
416.0 96.0 0
298.0 252.0 0
251.0 151.0 0
147.0 117.0 0
215.0 91.0 0
440.0 280.0 0
401.0 88.0 0
291.0 345.0 0
481.0 261.0 0
211.0 116.0 0
477.0 74.0 0
276.0 243.0 0
483.0 220.0 0
26.0 271.0 0
459.0 100.0 0
455.0 320.0 0
452.0 347.0 0
387.0 327.0 0
408.0 20.0 0
26.0 240.0 0
287.0 352.0 0
300.0 363.0 0
270.0 204.0 0
20.0 302.0 0
232.0 239.0 0
394.0 3.0 0
221.0 321.0 0
301.0 89.0 0
99.0 65.0 0
255.0 181.0 0
209.0 204.0 0
353.0 276.0 0
336.0 201.0 0
491.0 351.0 0
240.0 166.0 0
372.0 162.0 0
468.0 135.0 0
235.0 379.0 0
437.0 94.0 0
159.0 382.0 0
370.0 198.0 0
443.0 363.0 0
243.0 334.0 0
450.0 368.0 0
441.0 70.0 0
367.0 187.0 0
363.0 174.0 0
159.0 242.0 0
97.0 67.0 0
297.0 113.0 0
469.0 181.0 0
196.0 339.0 0
250.0 195.0 0
479.0 10.0 0
62.0 136.0 0
204.0 69.0 0
61.0 320.0 0
300.0 256.0 0
226.0 328.0 0
472.0 348.0 0
464.0 287.0 0
486.0 340.0 0
296.0 95.0 0
161.0 309.0 0
93.0 2.0 0
278.0 317.0 0
385.0 108.0 0
176.0 23.0 0
0.0 59.0 0
366.0 248.0 0
286.0 145.0 0
380.0 17.0 0
398.0 77.0 0
440.0 17.0 0
460.0 332.0 0
309.0 105.0 0
299.0 1.0 0
318.0 183.0 0
377.0 110.0 0
329.0 205.0 0
423.0 48.0 0
473.0 374.0 0
350.0 108.0 0
347.0 153.0 0
240.0 207.0 0
457.0 126.0 0
377.0 125.0 0
423.0 82.0 0
306.0 200.0 0
351.0 339.0 0
486.0 319.0 0
233.0 82.0 0
206.0 35.0 0
232.0 381.0 0
311.0 69.0 0
176.0 294.0 0
91.0 233.0 0
446.0 181.0 0
429.0 210.0 0
205.0 117.0 0
433.0 344.0 0
420.0 354.0 0
177.0 371.0 0
237.0 164.0 0
174.0 150.0 0
431.0 97.0 0
340.0 67.0 0
381.0 58.0 0
322.0 165.0 0
314.0 67.0 0
152.0 172.0 0
116.0 192.0 0
433.0 17.0 0
330.0 126.0 0
484.0 218.0 0
270.0 178.0 0
205.0 197.0 0
326.0 87.0 0
232.0 355.0 0
302.0 57.0 0
226.0 263.0 0
425.0 216.0 0
349.0 70.0 0
281.0 57.0 0
450.0 245.0 0
329.0 340.0 0
484.0 165.0 0
424.0 162.0 0
206.0 217.0 0
213.0 144.0 0
383.0 259.0 0
137.0 339.0 0
326.0 128.0 0
277.0 59.0 0
486.0 193.0 0
151.0 268.0 0
354.0 293.0 0
450.0 332.0 0
370.0 242.0 0
380.0 187.0 0
456.0 265.0 0
409.0 347.0 0
375.0 187.0 0
176.0 377.0 0
386.0 267.0 0
198.0 294.0 0
476.0 172.0 0
339.0 292.0 0
139.0 218.0 0
378.0 283.0 0
103.0 245.0 0
97.0 14.0 0
471.0 284.0 0
256.0 103.0 0
252.0 379.0 0
490.0 129.0 0
340.0 164.0 0
187.0 267.0 0
62.0 251.0 0
83.0 322.0 0
282.0 86.0 0
139.0 225.0 0
167.0 34.0 0
380.0 50.0 0
412.0 21.0 0
376.0 183.0 0
381.0 133.0 0
373.0 277.0 0
347.0 17.0 0
401.0 89.0 0
438.0 88.0 0
249.0 40.0 0
349.0 182.0 0
393.0 215.0 0
382.0 112.0 0
217.0 137.0 0
335.0 28.0 0
489.0 163.0 0
83.0 263.0 0
410.0 215.0 0
170.0 102.0 0
259.0 339.0 0
306.0 29.0 0
454.0 94.0 0
376.0 100.0 0
419.0 310.0 0
388.0 144.0 0
425.0 214.0 0
279.0 367.0 0
170.0 82.0 0
70.0 113.0 0
411.0 109.0 0
87.0 371.0 0
440.0 191.0 0
397.0 146.0 0
319.0 70.0 0
205.0 168.0 0
82.0 324.0 0
355.0 126.0 0
152.0 213.0 0
412.0 124.0 0
237.0 317.0 0
159.0 19.0 0
152.0 295.0 0
74.0 112.0 0
217.0 373.0 0
407.0 115.0 0
409.0 168.0 0
359.0 118.0 0
475.0 262.0 0
349.0 0.0 0
186.0 217.0 0
488.0 182.0 0
228.0 330.0 0
409.0 179.0 0
359.0 191.0 0
480.0 161.0 0
384.0 297.0 0
263.0 26.0 0
408.0 41.0 0
400.0 323.0 0
375.0 135.0 0
391.0 221.0 0
462.0 269.0 0
213.0 56.0 0
284.0 331.0 0
446.0 322.0 0
63.0 279.0 0
264.0 350.0 0
20.0 208.0 0
213.0 184.0 0
279.0 198.0 0
159.0 380.0 0
206.0 189.0 0
422.0 322.0 0
403.0 265.0 0
105.0 164.0 0
177.0 279.0 0
278.0 283.0 0
218.0 7.0 0
203.0 87.0 0
335.0 62.0 0
217.0 68.0 0
458.0 147.0 0
176.0 314.0 0
451.0 154.0 0
381.0 330.0 0
446.0 329.0 0
287.0 195.0 0
95.0 194.0 0
354.0 60.0 0
484.0 159.0 0
313.0 283.0 0
159.0 40.0 0
189.0 26.0 0
265.0 150.0 0
137.0 253.0 0
186.0 372.0 0
153.0 322.0 0
263.0 128.0 0
421.0 16.0 0
407.0 124.0 0
425.0 232.0 0
348.0 5.0 0
494.0 280.0 0
289.0 287.0 0
83.0 351.0 0
283.0 68.0 0
333.0 223.0 0
215.0 232.0 0
291.0 152.0 0
439.0 29.0 0
302.0 326.0 0
470.0 293.0 0
240.0 25.0 0
467.0 90.0 0
370.0 294.0 0
177.0 322.0 0
430.0 132.0 0
196.0 212.0 0
112.0 34.0 0
449.0 212.0 0
422.0 278.0 0
212.0 236.0 0
220.0 156.0 0
388.0 7.0 0
456.0 24.0 0
381.0 314.0 0
211.0 307.0 0
376.0 257.0 0
296.0 179.0 0
457.0 35.0 0
277.0 111.0 0
312.0 112.0 0
460.0 127.0 0
220.0 139.0 0
250.0 172.0 0
315.0 308.0 0
451.0 298.0 0
466.0 323.0 0
366.0 195.0 0
21.0 311.0 0
263.0 358.0 0
400.0 373.0 0
348.0 314.0 0
235.0 323.0 0
494.0 152.0 0
245.0 154.0 0
285.0 302.0 0
428.0 46.0 0
177.0 275.0 0
409.0 237.0 0
340.0 3.0 0
392.0 27.0 0
312.0 243.0 0
388.0 358.0 0
412.0 107.0 0
234.0 311.0 0
285.0 356.0 0
161.0 282.0 0
467.0 38.0 0
241.0 294.0 0
371.0 189.0 0
477.0 234.0 0
325.0 204.0 0
160.0 80.0 0
351.0 234.0 0
217.0 213.0 0
455.0 145.0 0
102.0 323.0 0
466.0 174.0 0
220.0 233.0 0
278.0 69.0 0
488.0 135.0 0
494.0 11.0 0
411.0 372.0 0
301.0 30.0 0
66.0 46.0 0
207.0 12.0 0
437.0 283.0 0
369.0 96.0 0
67.0 141.0 0
401.0 1.0 0
107.0 144.0 0
371.0 146.0 0
384.0 52.0 0
480.0 230.0 0
444.0 234.0 0
359.0 343.0 0
385.0 342.0 0
320.0 268.0 0
49.0 114.0 0
402.0 174.0 0
324.0 308.0 0
445.0 128.0 0
492.0 105.0 0
103.0 107.0 0
64.0 355.0 0
188.0 211.0 0
478.0 168.0 0
179.0 124.0 0
489.0 5.0 0
374.0 42.0 0
234.0 11.0 0
354.0 347.0 0
268.0 215.0 0
292.0 154.0 0
359.0 378.0 0
62.0 257.0 0
290.0 4.0 0
463.0 90.0 0
390.0 119.0 0
100.0 137.0 0
99.0 100.0 0
402.0 105.0 0
475.0 291.0 0
324.0 173.0 0
268.0 93.0 0
313.0 251.0 0
179.0 65.0 0
344.0 193.0 0
376.0 112.0 0
87.0 181.0 0
368.0 78.0 0
205.0 126.0 0
96.0 174.0 0
399.0 26.0 0
478.0 165.0 0
83.0 287.0 0
411.0 233.0 0
167.0 292.0 0
92.0 295.0 0
322.0 159.0 0
459.0 349.0 0
200.0 47.0 0
237.0 284.0 0
410.0 187.0 0
403.0 372.0 0
27.0 67.0 0
276.0 83.0 0
306.0 309.0 0
407.0 207.0 0
98.0 338.0 0
196.0 46.0 0
393.0 264.0 0
208.0 227.0 0
440.0 18.0 0
244.0 29.0 0
226.0 244.0 0
271.0 236.0 0
111.0 361.0 0
62.0 132.0 0
316.0 126.0 0
417.0 47.0 0
414.0 325.0 0
400.0 312.0 0
476.0 143.0 0
200.0 368.0 0
301.0 292.0 0
61.0 120.0 0
161.0 129.0 0
394.0 145.0 0
468.0 345.0 0
296.0 70.0 0
466.0 53.0 0
249.0 300.0 0
321.0 150.0 0
420.0 70.0 0
448.0 180.0 0
64.0 198.0 0
246.0 302.0 0
95.0 167.0 0
196.0 108.0 0
400.0 198.0 0
87.0 82.0 0
198.0 81.0 0
139.0 14.0 0
383.0 55.0 0
26.0 109.0 0
458.0 209.0 0
407.0 354.0 0
391.0 304.0 0
380.0 81.0 0
221.0 366.0 0
313.0 49.0 0
139.0 207.0 0
204.0 171.0 0
411.0 326.0 0
379.0 142.0 0
346.0 307.0 0
279.0 149.0 0
373.0 302.0 0
402.0 77.0 0
470.0 147.0 0
489.0 111.0 0
214.0 128.0 0
290.0 60.0 0
393.0 361.0 0
473.0 201.0 0
447.0 108.0 0
446.0 293.0 0
190.0 294.0 0
49.0 122.0 0
488.0 336.0 0
414.0 1.0 0
70.0 160.0 0
276.0 321.0 0
451.0 65.0 0
101.0 123.0 0
221.0 185.0 0
95.0 186.0 0
426.0 108.0 0
439.0 183.0 0
433.0 38.0 0
101.0 80.0 0
228.0 239.0 0
0.0 96.0 0
402.0 288.0 0
90.0 229.0 0
198.0 237.0 0
401.0 323.0 0
233.0 199.0 0
465.0 86.0 0
461.0 19.0 0
293.0 266.0 0
233.0 55.0 0
488.0 41.0 0
411.0 56.0 0
427.0 51.0 0
82.0 366.0 0
240.0 68.0 0
247.0 254.0 0
483.0 142.0 0
160.0 72.0 0
112.0 130.0 0
428.0 170.0 0
99.0 154.0 0
382.0 120.0 0
394.0 177.0 0
105.0 40.0 0
367.0 203.0 0
108.0 172.0 0
233.0 131.0 0
283.0 135.0 0
401.0 196.0 0
427.0 243.0 0
441.0 255.0 0
443.0 212.0 0
220.0 256.0 0
365.0 169.0 0
369.0 182.0 0
434.0 274.0 0
262.0 366.0 0
326.0 152.0 0
360.0 334.0 0
494.0 219.0 0
390.0 11.0 0
269.0 65.0 0
264.0 330.0 0
220.0 90.0 0
318.0 359.0 0
310.0 51.0 0
336.0 112.0 0
85.0 237.0 0
390.0 72.0 0
251.0 166.0 0
167.0 38.0 0
446.0 367.0 0
402.0 296.0 0
233.0 43.0 0
425.0 60.0 0
347.0 325.0 0
481.0 341.0 0
432.0 102.0 0
215.0 90.0 0
408.0 317.0 0
111.0 45.0 0
319.0 124.0 0
308.0 222.0 0
340.0 188.0 0
215.0 177.0 0
289.0 106.0 0
299.0 273.0 0
99.0 161.0 0
142.0 228.0 0
336.0 70.0 0
406.0 134.0 0
378.0 104.0 0
226.0 66.0 0
85.0 1.0 0
396.0 86.0 0
315.0 236.0 0
469.0 29.0 0
396.0 157.0 0
165.0 237.0 0
20.0 312.0 0
371.0 282.0 0
256.0 256.0 0
105.0 251.0 0
49.0 190.0 0
170.0 348.0 0
21.0 299.0 0
313.0 196.0 0
178.0 28.0 0
188.0 265.0 0
151.0 32.0 0
277.0 251.0 0
471.0 349.0 0
475.0 41.0 0
213.0 94.0 0
394.0 353.0 0
374.0 336.0 0
82.0 281.0 0
206.0 128.0 0
331.0 105.0 0
344.0 296.0 0
481.0 318.0 0
347.0 275.0 0
466.0 151.0 0
97.0 39.0 0
470.0 17.0 0
446.0 313.0 0
161.0 22.0 0
462.0 366.0 0
399.0 43.0 0
444.0 94.0 0
350.0 49.0 0
456.0 370.0 0
301.0 257.0 0
394.0 342.0 0
212.0 213.0 0
434.0 286.0 0
410.0 186.0 0
441.0 229.0 0
240.0 131.0 0
409.0 3.0 0
289.0 288.0 0
441.0 89.0 0
304.0 169.0 0
252.0 174.0 0
424.0 60.0 0
445.0 170.0 0
356.0 114.0 0
331.0 21.0 0
311.0 28.0 0
430.0 261.0 0
90.0 342.0 0
374.0 80.0 0
96.0 196.0 0
436.0 211.0 0
300.0 364.0 0
454.0 56.0 0
244.0 62.0 0
369.0 334.0 0
186.0 51.0 0
104.0 12.0 0
355.0 128.0 0
406.0 331.0 0
307.0 209.0 0
284.0 276.0 0
112.0 325.0 0
398.0 335.0 0
339.0 36.0 0
419.0 176.0 0
233.0 156.0 0
493.0 222.0 0
70.0 250.0 0
295.0 252.0 0
278.0 194.0 0
228.0 6.0 0
341.0 13.0 0
374.0 40.0 0
433.0 86.0 0
295.0 136.0 0
382.0 373.0 0
399.0 232.0 0
3.0 368.0 0
416.0 361.0 0
459.0 344.0 0
259.0 210.0 0
368.0 232.0 0
133.0 116.0 0
284.0 195.0 0
90.0 382.0 0
488.0 299.0 0
228.0 151.0 0
98.0 322.0 0
337.0 69.0 0
400.0 17.0 0
103.0 366.0 0
464.0 86.0 0
432.0 241.0 0
356.0 285.0 0
168.0 338.0 0
309.0 143.0 0
379.0 136.0 0
347.0 286.0 0
151.0 148.0 0
299.0 54.0 0
200.0 263.0 0
384.0 43.0 0
341.0 117.0 0
418.0 87.0 0
420.0 288.0 0
189.0 325.0 0
457.0 232.0 0
235.0 206.0 0
317.0 279.0 0
314.0 325.0 0
442.0 374.0 0
468.0 51.0 0
373.0 216.0 0
423.0 337.0 0
479.0 173.0 0
493.0 157.0 0
460.0 105.0 0
385.0 267.0 0
344.0 147.0 0
337.0 346.0 0
366.0 317.0 0
0.0 24.0 0
350.0 179.0 0
217.0 82.0 0
368.0 132.0 0
284.0 351.0 0
284.0 89.0 0
329.0 199.0 0
263.0 287.0 0
245.0 102.0 0
276.0 80.0 0
403.0 44.0 0
434.0 130.0 0
90.0 63.0 0
92.0 158.0 0
272.0 220.0 0
404.0 249.0 0
463.0 104.0 0
91.0 305.0 0
389.0 318.0 0
353.0 313.0 0
174.0 16.0 0
489.0 285.0 0
384.0 295.0 0
368.0 292.0 0
197.0 339.0 0
203.0 78.0 0
414.0 159.0 0
108.0 109.0 0
444.0 9.0 0
404.0 83.0 0
278.0 368.0 0
406.0 185.0 0
220.0 67.0 0
203.0 40.0 0
381.0 203.0 0
377.0 321.0 0
293.0 82.0 0
376.0 219.0 0
200.0 302.0 0
97.0 59.0 0
387.0 206.0 0
324.0 381.0 0
296.0 125.0 0
62.0 213.0 0
233.0 361.0 0
151.0 167.0 0
139.0 147.0 0
196.0 37.0 0
445.0 341.0 0
468.0 201.0 0
310.0 165.0 0
284.0 269.0 0
471.0 146.0 0
300.0 1.0 0
235.0 138.0 0
410.0 96.0 0
443.0 319.0 0
240.0 31.0 0
105.0 65.0 0
196.0 65.0 0
107.0 293.0 0
452.0 339.0 0
385.0 287.0 0
422.0 261.0 0
484.0 39.0 0
409.0 326.0 0
487.0 275.0 0
174.0 161.0 0
204.0 174.0 0
350.0 61.0 0
215.0 355.0 0
407.0 343.0 0
475.0 190.0 0
316.0 313.0 0
241.0 138.0 0
365.0 301.0 0
264.0 91.0 0
165.0 323.0 0
104.0 89.0 0
414.0 328.0 0
233.0 61.0 0
265.0 83.0 0
452.0 349.0 0
97.0 232.0 0
389.0 293.0 0
203.0 54.0 0
20.0 272.0 0
407.0 362.0 0
201.0 71.0 0
3.0 66.0 0
399.0 216.0 0
398.0 174.0 0
284.0 229.0 0
176.0 201.0 0
142.0 90.0 0
85.0 260.0 0
341.0 16.0 0
465.0 255.0 0
434.0 127.0 0
142.0 275.0 0
389.0 231.0 0
235.0 150.0 0
196.0 355.0 0
403.0 187.0 0
21.0 345.0 0
360.0 278.0 0
347.0 108.0 0
245.0 332.0 0
408.0 71.0 0
425.0 366.0 0
221.0 12.0 0
485.0 372.0 0
64.0 295.0 0
354.0 200.0 0
335.0 295.0 0
93.0 170.0 0
448.0 288.0 0
417.0 257.0 0
167.0 103.0 0
445.0 363.0 0
482.0 110.0 0
463.0 28.0 0
220.0 143.0 0
307.0 13.0 0
139.0 151.0 0
221.0 188.0 0
133.0 229.0 0
450.0 264.0 0
330.0 317.0 0
208.0 131.0 0
491.0 347.0 0
272.0 65.0 0
198.0 80.0 0
3.0 344.0 0
293.0 216.0 0
137.0 117.0 0
255.0 173.0 0
207.0 145.0 0
201.0 376.0 0
311.0 96.0 0
276.0 351.0 0
393.0 225.0 0
324.0 306.0 0
375.0 7.0 0
451.0 287.0 0
444.0 321.0 0
187.0 109.0 0
179.0 33.0 0
479.0 147.0 0
459.0 36.0 0
377.0 279.0 0
250.0 63.0 0
462.0 122.0 0
428.0 213.0 0
389.0 285.0 0
377.0 327.0 0
430.0 60.0 0
482.0 57.0 0
354.0 132.0 0
74.0 358.0 0
112.0 182.0 0
380.0 301.0 0
184.0 298.0 0
217.0 100.0 0
460.0 85.0 0
328.0 193.0 0
425.0 284.0 0
142.0 21.0 0
447.0 88.0 0
423.0 382.0 0
477.0 23.0 0
346.0 330.0 0
279.0 45.0 0
314.0 322.0 0
252.0 104.0 0
483.0 337.0 0
221.0 258.0 0
369.0 25.0 0
214.0 326.0 0
336.0 27.0 0
435.0 100.0 0
206.0 186.0 0
448.0 189.0 0
376.0 301.0 0
226.0 241.0 0
452.0 58.0 0
479.0 118.0 0
443.0 226.0 0
184.0 145.0 0
286.0 114.0 0
3.0 186.0 0
234.0 359.0 0
104.0 8.0 0
226.0 251.0 0
341.0 351.0 0
82.0 56.0 0
226.0 59.0 0
236.0 363.0 0
308.0 250.0 0
142.0 123.0 0
346.0 322.0 0
63.0 257.0 0
385.0 102.0 0
467.0 376.0 0
394.0 355.0 0
311.0 107.0 0
291.0 218.0 0
468.0 100.0 0
301.0 3.0 0
411.0 345.0 0
416.0 87.0 0
299.0 338.0 0
458.0 128.0 0
249.0 23.0 0
466.0 256.0 0
314.0 204.0 0
336.0 349.0 0
339.0 226.0 0
450.0 339.0 0
465.0 318.0 0
457.0 171.0 0
494.0 221.0 0
359.0 153.0 0
87.0 59.0 0
431.0 7.0 0
288.0 301.0 0
452.0 78.0 0
472.0 80.0 0
90.0 35.0 0
414.0 360.0 0
308.0 31.0 0
334.0 122.0 0
177.0 132.0 0
322.0 334.0 0
349.0 5.0 0
85.0 275.0 0
371.0 259.0 0
26.0 155.0 0
323.0 94.0 0
64.0 80.0 0
373.0 3.0 0
379.0 315.0 0
335.0 24.0 0
374.0 150.0 0
467.0 320.0 0
282.0 27.0 0
280.0 268.0 0
177.0 53.0 0
478.0 98.0 0
346.0 244.0 0
297.0 88.0 0
336.0 366.0 0
142.0 356.0 0
147.0 86.0 0
341.0 310.0 0
478.0 164.0 0
411.0 250.0 0
179.0 261.0 0
190.0 110.0 0
192.0 288.0 0
282.0 218.0 0
247.0 339.0 0
316.0 131.0 0
399.0 84.0 0
396.0 177.0 0
153.0 85.0 0
112.0 155.0 0
387.0 22.0 0
212.0 157.0 0
470.0 39.0 0
245.0 349.0 0
104.0 269.0 0
3.0 365.0 0
295.0 317.0 0
493.0 257.0 0
203.0 158.0 0
241.0 349.0 0
301.0 36.0 0
250.0 312.0 0
284.0 65.0 0
334.0 154.0 0
347.0 90.0 0
470.0 354.0 0
215.0 115.0 0
274.0 374.0 0
298.0 356.0 0
293.0 239.0 0
387.0 334.0 0
399.0 151.0 0
356.0 54.0 0
272.0 277.0 0
430.0 376.0 0
306.0 198.0 0
474.0 247.0 0
419.0 283.0 0
370.0 176.0 0
90.0 56.0 0
337.0 285.0 0
439.0 270.0 0
456.0 348.0 0
490.0 216.0 0
98.0 311.0 0
309.0 47.0 0
397.0 185.0 0
352.0 96.0 0
328.0 351.0 0
306.0 325.0 0
352.0 344.0 0
335.0 376.0 0
303.0 295.0 0
61.0 11.0 0
99.0 43.0 0
419.0 142.0 0
366.0 176.0 0
251.0 283.0 0
427.0 84.0 0
188.0 300.0 0
280.0 322.0 0
491.0 66.0 0
399.0 48.0 0
474.0 302.0 0
310.0 315.0 0
371.0 350.0 0
82.0 126.0 0
461.0 225.0 0
400.0 211.0 0
420.0 30.0 0
401.0 161.0 0
389.0 265.0 0
142.0 278.0 0
328.0 165.0 0
264.0 24.0 0
489.0 124.0 0
301.0 116.0 0
437.0 75.0 0
332.0 342.0 0
425.0 146.0 0
96.0 369.0 0
237.0 333.0 0
190.0 115.0 0
298.0 12.0 0
312.0 320.0 0
197.0 216.0 0
270.0 260.0 0
467.0 375.0 0
255.0 18.0 0
217.0 276.0 0
433.0 15.0 0
235.0 117.0 0
355.0 231.0 0
300.0 170.0 0
452.0 54.0 0
317.0 360.0 0
189.0 83.0 0
462.0 273.0 0
440.0 6.0 0
105.0 182.0 0
49.0 211.0 0
346.0 36.0 0
142.0 28.0 0
346.0 187.0 0
487.0 310.0 0
448.0 66.0 0
338.0 47.0 0
404.0 320.0 0
168.0 286.0 0
472.0 56.0 0
297.0 7.0 0
338.0 324.0 0
431.0 206.0 0
152.0 78.0 0
152.0 20.0 0
363.0 324.0 0
484.0 88.0 0
416.0 1.0 0
291.0 215.0 0
355.0 39.0 0
353.0 24.0 0
408.0 169.0 0
298.0 19.0 0
291.0 193.0 0
142.0 238.0 0
177.0 186.0 0
371.0 245.0 0
398.0 354.0 0
425.0 109.0 0
90.0 371.0 0
369.0 4.0 0
479.0 174.0 0
178.0 199.0 0
368.0 349.0 0
368.0 105.0 0
438.0 61.0 0
368.0 61.0 0
101.0 34.0 0
381.0 101.0 0
408.0 0.0 0
314.0 292.0 0
289.0 304.0 0
326.0 177.0 0
328.0 92.0 0
139.0 377.0 0
236.0 350.0 0
353.0 70.0 0
393.0 377.0 0
321.0 126.0 0
415.0 96.0 0
390.0 320.0 0
404.0 3.0 0
308.0 3.0 0
290.0 316.0 0
258.0 58.0 0
214.0 52.0 0
97.0 345.0 0
268.0 46.0 0
441.0 163.0 0
481.0 10.0 0
249.0 330.0 0
70.0 242.0 0
176.0 123.0 0
151.0 306.0 0
471.0 338.0 0
165.0 38.0 0
382.0 82.0 0
381.0 316.0 0
240.0 168.0 0
178.0 156.0 0
97.0 259.0 0
310.0 53.0 0
256.0 34.0 0
328.0 3.0 0
320.0 292.0 0
244.0 99.0 0
255.0 125.0 0
85.0 16.0 0
377.0 360.0 0
243.0 301.0 0
284.0 64.0 0
481.0 169.0 0
213.0 260.0 0
350.0 263.0 0
235.0 30.0 0
434.0 253.0 0
241.0 304.0 0
218.0 378.0 0
107.0 98.0 0
460.0 109.0 0
139.0 368.0 0
404.0 251.0 0
235.0 340.0 0
367.0 3.0 0
357.0 57.0 0
177.0 374.0 0
278.0 105.0 0
402.0 129.0 0
100.0 271.0 0
387.0 150.0 0
92.0 174.0 0
246.0 104.0 0
201.0 122.0 0
474.0 63.0 0
259.0 365.0 0
3.0 279.0 0
176.0 104.0 0
342.0 51.0 0
378.0 36.0 0
441.0 286.0 0
415.0 230.0 0
385.0 107.0 0
475.0 192.0 0
74.0 125.0 0
64.0 171.0 0
439.0 381.0 0
371.0 6.0 0
245.0 331.0 0
321.0 253.0 0
388.0 212.0 0
212.0 270.0 0
370.0 350.0 0
170.0 322.0 0
20.0 84.0 0
272.0 117.0 0
369.0 303.0 0
488.0 0.0 0
322.0 275.0 0
442.0 163.0 0
394.0 339.0 0
298.0 307.0 0
316.0 118.0 0
428.0 189.0 0
437.0 373.0 0
256.0 317.0 0
249.0 2.0 0
338.0 141.0 0
449.0 274.0 0
254.0 219.0 0
283.0 188.0 0
70.0 278.0 0
203.0 30.0 0
295.0 206.0 0
208.0 352.0 0
409.0 118.0 0
214.0 164.0 0
70.0 67.0 0
360.0 61.0 0
292.0 357.0 0
101.0 362.0 0
270.0 146.0 0
333.0 86.0 0
316.0 22.0 0
295.0 44.0 0
189.0 291.0 0
317.0 369.0 0
178.0 381.0 0
291.0 381.0 0
189.0 197.0 0
394.0 123.0 0
282.0 301.0 0
348.0 30.0 0
64.0 224.0 0
284.0 157.0 0
103.0 313.0 0
374.0 109.0 0
289.0 132.0 0
367.0 74.0 0
388.0 366.0 0
421.0 212.0 0
414.0 12.0 0
189.0 382.0 0
355.0 337.0 0
161.0 184.0 0
237.0 267.0 0
167.0 368.0 0
377.0 190.0 0
480.0 74.0 0
326.0 158.0 0
427.0 339.0 0
423.0 363.0 0
428.0 177.0 0
435.0 366.0 0
159.0 311.0 0
282.0 63.0 0
313.0 136.0 0
468.0 0.0 0
324.0 259.0 0
355.0 42.0 0
356.0 351.0 0
237.0 103.0 0
256.0 148.0 0
314.0 250.0 0
471.0 181.0 0
344.0 241.0 0
342.0 279.0 0
342.0 170.0 0
485.0 347.0 0
447.0 352.0 0
307.0 1.0 0
251.0 257.0 0
316.0 190.0 0
137.0 37.0 0
328.0 126.0 0
372.0 290.0 0
207.0 59.0 0
284.0 227.0 0
474.0 9.0 0
293.0 161.0 0
147.0 353.0 0
449.0 16.0 0
388.0 110.0 0
282.0 169.0 0
353.0 215.0 0
485.0 165.0 0
101.0 327.0 0
263.0 294.0 0
445.0 356.0 0
458.0 268.0 0
282.0 288.0 0
424.0 22.0 0
438.0 28.0 0
280.0 150.0 0
27.0 65.0 0
390.0 56.0 0
220.0 195.0 0
376.0 38.0 0
297.0 377.0 0
344.0 172.0 0
413.0 5.0 0
96.0 340.0 0
312.0 313.0 0
426.0 336.0 0
402.0 181.0 0
415.0 273.0 0
302.0 282.0 0
206.0 369.0 0
316.0 15.0 0
168.0 253.0 0
179.0 287.0 0
455.0 235.0 0
339.0 239.0 0
228.0 50.0 0
468.0 166.0 0
423.0 191.0 0
441.0 361.0 0
292.0 70.0 0
203.0 322.0 0
170.0 146.0 0
490.0 34.0 0
90.0 219.0 0
367.0 205.0 0
401.0 106.0 0
423.0 373.0 0
161.0 180.0 0
83.0 293.0 0
432.0 204.0 0
287.0 321.0 0
270.0 256.0 0
413.0 378.0 0
470.0 26.0 0
268.0 48.0 0
461.0 46.0 0
308.0 56.0 0
285.0 280.0 0
90.0 375.0 0
422.0 237.0 0
153.0 245.0 0
370.0 39.0 0
424.0 40.0 0
93.0 185.0 0
209.0 58.0 0
374.0 314.0 0
375.0 42.0 0
401.0 171.0 0
437.0 208.0 0
63.0 183.0 0
207.0 33.0 0
279.0 89.0 0
469.0 261.0 0
100.0 248.0 0
208.0 377.0 0
474.0 136.0 0
309.0 128.0 0
232.0 150.0 0
450.0 380.0 0
288.0 24.0 0
87.0 282.0 0
299.0 371.0 0
347.0 162.0 0
467.0 151.0 0
445.0 81.0 0
304.0 59.0 0
351.0 133.0 0
460.0 349.0 0
471.0 301.0 0
406.0 5.0 0
278.0 181.0 0
387.0 364.0 0
232.0 147.0 0
272.0 259.0 0
341.0 319.0 0
360.0 382.0 0
396.0 277.0 0
468.0 58.0 0
263.0 349.0 0
397.0 328.0 0
486.0 352.0 0
184.0 158.0 0
380.0 297.0 0
184.0 192.0 0
188.0 129.0 0
161.0 237.0 0
289.0 159.0 0
386.0 153.0 0
385.0 170.0 0
274.0 41.0 0
341.0 375.0 0
170.0 201.0 0
442.0 241.0 0
363.0 222.0 0
436.0 209.0 0
62.0 373.0 0
398.0 98.0 0
375.0 66.0 0
90.0 299.0 0
408.0 182.0 0
240.0 98.0 0
493.0 366.0 0
390.0 151.0 0
271.0 220.0 0
417.0 62.0 0
103.0 362.0 0
236.0 91.0 0
370.0 286.0 0
431.0 215.0 0
205.0 85.0 0
350.0 142.0 0
377.0 35.0 0
473.0 106.0 0
357.0 173.0 0
232.0 220.0 0
204.0 358.0 0
426.0 182.0 0
317.0 13.0 0
423.0 70.0 0
99.0 84.0 0
298.0 89.0 0
249.0 252.0 0
389.0 57.0 0
387.0 296.0 0
234.0 0.0 0
373.0 5.0 0
312.0 65.0 0
296.0 291.0 0
404.0 338.0 0
337.0 271.0 0
412.0 165.0 0
282.0 349.0 0
434.0 160.0 0
477.0 232.0 0
295.0 152.0 0
324.0 261.0 0
301.0 167.0 0
479.0 5.0 0
237.0 109.0 0
456.0 253.0 0
147.0 210.0 0
372.0 35.0 0
409.0 65.0 0
203.0 353.0 0
438.0 190.0 0
212.0 275.0 0
348.0 270.0 0
327.0 63.0 0
365.0 205.0 0
280.0 206.0 0
471.0 182.0 0
328.0 76.0 0
207.0 73.0 0
393.0 133.0 0
435.0 282.0 0
272.0 218.0 0
441.0 155.0 0
475.0 375.0 0
481.0 253.0 0
377.0 373.0 0
311.0 236.0 0
170.0 365.0 0
442.0 8.0 0
353.0 122.0 0
61.0 285.0 0
147.0 140.0 0
426.0 54.0 0
450.0 124.0 0
425.0 37.0 0
354.0 198.0 0
397.0 297.0 0
288.0 168.0 0
309.0 269.0 0
143.0 367.0 0
419.0 245.0 0
419.0 26.0 0
453.0 341.0 0
297.0 206.0 0
336.0 295.0 0
449.0 49.0 0
474.0 277.0 0
306.0 83.0 0
273.0 185.0 0
111.0 2.0 0
179.0 110.0 0
325.0 212.0 0
356.0 294.0 0
233.0 26.0 0
381.0 285.0 0
336.0 177.0 0
282.0 204.0 0
209.0 139.0 0
277.0 131.0 0
458.0 194.0 0
285.0 47.0 0
459.0 153.0 0
103.0 369.0 0
301.0 321.0 0
491.0 138.0 0
378.0 64.0 0
437.0 203.0 0
288.0 8.0 0
328.0 335.0 0
342.0 369.0 0
453.0 251.0 0
393.0 100.0 0
278.0 198.0 0
481.0 310.0 0
196.0 183.0 0
176.0 102.0 0
347.0 142.0 0
435.0 225.0 0
375.0 78.0 0
176.0 337.0 0
264.0 175.0 0
347.0 324.0 0
67.0 365.0 0
101.0 191.0 0
423.0 156.0 0
301.0 129.0 0
258.0 160.0 0
281.0 180.0 0
244.0 362.0 0
262.0 78.0 0
317.0 136.0 0
159.0 278.0 0
66.0 377.0 0
324.0 232.0 0
337.0 93.0 0
236.0 311.0 0
274.0 174.0 0
393.0 302.0 0
105.0 372.0 0
213.0 167.0 0
283.0 91.0 0
335.0 3.0 0
49.0 371.0 0
326.0 289.0 0
298.0 55.0 0
336.0 234.0 0
443.0 74.0 0
264.0 164.0 0
393.0 333.0 0
240.0 121.0 0
241.0 317.0 0
201.0 283.0 0
176.0 382.0 0
481.0 55.0 0
189.0 185.0 0
174.0 76.0 0
289.0 0.0 0
293.0 119.0 0
315.0 124.0 0
393.0 380.0 0
363.0 193.0 0
300.0 216.0 0
459.0 239.0 0
250.0 363.0 0
237.0 131.0 0
205.0 266.0 0
306.0 218.0 0
480.0 304.0 0
428.0 98.0 0
393.0 334.0 0
218.0 210.0 0
351.0 365.0 0
196.0 224.0 0
365.0 224.0 0
200.0 113.0 0
66.0 360.0 0
251.0 315.0 0
367.0 16.0 0
312.0 97.0 0
296.0 123.0 0
400.0 99.0 0
464.0 132.0 0
356.0 33.0 0
383.0 202.0 0
360.0 322.0 0
325.0 238.0 0
428.0 215.0 0
372.0 160.0 0
295.0 139.0 0
332.0 224.0 0
404.0 131.0 0
82.0 174.0 0
446.0 58.0 0
245.0 91.0 0
353.0 125.0 0
83.0 22.0 0
342.0 118.0 0
237.0 268.0 0
423.0 299.0 0
241.0 269.0 0
486.0 153.0 0
342.0 259.0 0
379.0 273.0 0
420.0 364.0 0
384.0 147.0 0
300.0 48.0 0
102.0 233.0 0
432.0 121.0 0
179.0 245.0 0
466.0 85.0 0
205.0 208.0 0
300.0 281.0 0
63.0 368.0 0
312.0 182.0 0
108.0 217.0 0
370.0 216.0 0
293.0 59.0 0
205.0 212.0 0
262.0 335.0 0
373.0 296.0 0
387.0 276.0 0
446.0 33.0 0
142.0 118.0 0
167.0 285.0 0
314.0 143.0 0
419.0 16.0 0
82.0 206.0 0
206.0 312.0 0
186.0 42.0 0
356.0 250.0 0
317.0 276.0 0
244.0 14.0 0
400.0 94.0 0
430.0 7.0 0
462.0 336.0 0
228.0 231.0 0
376.0 28.0 0
403.0 233.0 0
290.0 74.0 0
272.0 241.0 0
484.0 357.0 0
422.0 328.0 0
288.0 54.0 0
412.0 219.0 0
282.0 263.0 0
103.0 291.0 0
438.0 18.0 0
197.0 293.0 0
302.0 332.0 0
251.0 271.0 0
234.0 236.0 0
218.0 103.0 0
217.0 170.0 0
0.0 341.0 0
332.0 42.0 0
446.0 295.0 0
275.0 295.0 0
198.0 220.0 0
400.0 351.0 0
418.0 269.0 0
234.0 146.0 0
87.0 311.0 0
471.0 355.0 0
452.0 268.0 0
102.0 73.0 0
256.0 293.0 0
249.0 365.0 0
398.0 156.0 0
414.0 119.0 0
400.0 263.0 0
26.0 55.0 0
396.0 318.0 0
90.0 222.0 0
389.0 132.0 0
353.0 153.0 0
464.0 16.0 0
421.0 382.0 0
456.0 374.0 0
184.0 308.0 0
426.0 101.0 0
159.0 154.0 0
494.0 122.0 0
403.0 309.0 0
399.0 96.0 0
264.0 75.0 0
371.0 281.0 0
321.0 338.0 0
215.0 349.0 0
446.0 209.0 0
394.0 314.0 0
256.0 323.0 0
489.0 21.0 0
281.0 128.0 0
201.0 242.0 0
374.0 355.0 0
365.0 105.0 0
96.0 344.0 0
215.0 276.0 0
314.0 278.0 0
384.0 171.0 0
420.0 325.0 0
270.0 81.0 0
397.0 298.0 0
489.0 313.0 0
435.0 135.0 0
491.0 95.0 0
399.0 202.0 0
412.0 186.0 0
375.0 95.0 0
251.0 44.0 0
203.0 173.0 0
484.0 13.0 0
313.0 24.0 0
467.0 121.0 0
437.0 180.0 0
483.0 235.0 0
101.0 0.0 0
456.0 128.0 0
477.0 325.0 0
137.0 246.0 0
302.0 205.0 0
320.0 370.0 0
64.0 357.0 0
208.0 159.0 0
486.0 261.0 0
152.0 81.0 0
304.0 307.0 0
377.0 49.0 0
375.0 332.0 0
211.0 227.0 0
494.0 24.0 0
423.0 34.0 0
209.0 233.0 0
354.0 338.0 0
143.0 10.0 0
419.0 147.0 0
370.0 199.0 0
447.0 192.0 0
478.0 245.0 0
313.0 48.0 0
240.0 226.0 0
489.0 365.0 0
286.0 56.0 0
397.0 168.0 0
439.0 84.0 0
393.0 158.0 0
85.0 264.0 0
330.0 249.0 0
403.0 275.0 0
208.0 56.0 0
341.0 363.0 0
228.0 302.0 0
312.0 356.0 0
211.0 141.0 0
446.0 15.0 0
215.0 15.0 0
20.0 148.0 0
152.0 13.0 0
427.0 325.0 0
288.0 359.0 0
196.0 16.0 0
317.0 247.0 0
452.0 234.0 0
100.0 326.0 0
446.0 227.0 0
207.0 130.0 0
412.0 211.0 0
351.0 256.0 0
396.0 306.0 0
252.0 274.0 0
255.0 245.0 0
300.0 337.0 0
83.0 15.0 0
351.0 287.0 0
424.0 199.0 0
381.0 364.0 0
83.0 320.0 0
232.0 144.0 0
429.0 167.0 0
286.0 280.0 0
350.0 175.0 0
449.0 23.0 0
107.0 322.0 0
374.0 263.0 0
250.0 231.0 0
160.0 239.0 0
188.0 220.0 0
332.0 235.0 0
457.0 200.0 0
467.0 29.0 0
377.0 376.0 0
212.0 342.0 0
471.0 101.0 0
104.0 1.0 0
111.0 204.0 0
256.0 10.0 0
214.0 224.0 0
248.0 115.0 0
378.0 191.0 0
207.0 287.0 0
228.0 86.0 0
168.0 191.0 0
275.0 114.0 0
82.0 57.0 0
421.0 369.0 0
268.0 73.0 0
282.0 148.0 0
246.0 178.0 0
96.0 41.0 0
259.0 379.0 0
241.0 374.0 0
102.0 78.0 0
284.0 94.0 0
425.0 194.0 0
321.0 298.0 0
310.0 193.0 0
413.0 326.0 0
279.0 360.0 0
190.0 51.0 0
333.0 307.0 0
218.0 37.0 0
258.0 6.0 0
463.0 135.0 0
402.0 374.0 0
348.0 91.0 0
451.0 293.0 0
309.0 132.0 0
286.0 263.0 0
390.0 84.0 0
486.0 239.0 0
83.0 243.0 0
310.0 138.0 0
291.0 285.0 0
370.0 326.0 0
352.0 40.0 0
379.0 120.0 0
147.0 119.0 0
97.0 363.0 0
255.0 179.0 0
338.0 112.0 0
471.0 248.0 0
363.0 231.0 0
91.0 295.0 0
301.0 217.0 0
92.0 119.0 0
255.0 168.0 0
295.0 274.0 0
63.0 71.0 0
275.0 331.0 0
481.0 103.0 0
445.0 225.0 0
417.0 272.0 0
188.0 374.0 0
416.0 30.0 0
473.0 312.0 0
367.0 142.0 0
329.0 327.0 0
419.0 300.0 0
401.0 370.0 0
419.0 152.0 0
447.0 239.0 0
337.0 111.0 0
63.0 10.0 0
413.0 112.0 0
184.0 149.0 0
396.0 256.0 0
325.0 348.0 0
455.0 114.0 0
272.0 32.0 0
443.0 81.0 0
424.0 246.0 0
243.0 294.0 0
325.0 265.0 0
291.0 88.0 0
315.0 244.0 0
271.0 336.0 0
218.0 106.0 0
376.0 21.0 0
492.0 271.0 0
103.0 170.0 0
404.0 335.0 0
192.0 296.0 0
74.0 282.0 0
373.0 45.0 0
375.0 348.0 0
290.0 203.0 0
101.0 231.0 0
291.0 27.0 0
26.0 50.0 0
272.0 82.0 0
371.0 352.0 0
167.0 191.0 0
107.0 66.0 0
313.0 258.0 0
258.0 172.0 0
331.0 80.0 0
228.0 257.0 0
322.0 133.0 0
220.0 291.0 0
430.0 295.0 0
247.0 329.0 0
414.0 376.0 0
440.0 373.0 0
142.0 298.0 0
288.0 9.0 0
70.0 34.0 0
477.0 2.0 0
226.0 248.0 0
370.0 121.0 0
412.0 180.0 0
277.0 19.0 0
3.0 197.0 0
391.0 340.0 0
467.0 198.0 0
252.0 176.0 0
400.0 130.0 0
220.0 225.0 0
356.0 124.0 0
332.0 300.0 0
417.0 256.0 0
213.0 233.0 0
454.0 346.0 0
338.0 196.0 0
27.0 287.0 0
92.0 299.0 0
277.0 90.0 0
302.0 249.0 0
482.0 276.0 0
269.0 237.0 0
277.0 132.0 0
453.0 22.0 0
283.0 29.0 0
152.0 256.0 0
190.0 4.0 0
177.0 233.0 0
167.0 227.0 0
440.0 283.0 0
92.0 120.0 0
388.0 130.0 0
435.0 180.0 0
244.0 158.0 0
297.0 298.0 0
290.0 227.0 0
226.0 141.0 0
285.0 114.0 0
357.0 42.0 0
367.0 258.0 0
387.0 78.0 0
268.0 270.0 0
403.0 351.0 0
292.0 185.0 0
476.0 171.0 0
204.0 303.0 0
493.0 78.0 0
401.0 314.0 0
217.0 306.0 0
388.0 208.0 0
346.0 137.0 0
471.0 111.0 0
441.0 344.0 0
243.0 138.0 0
378.0 274.0 0
167.0 299.0 0
275.0 162.0 0
437.0 107.0 0
304.0 12.0 0
82.0 101.0 0
417.0 271.0 0
448.0 157.0 0
90.0 149.0 0
468.0 133.0 0
382.0 33.0 0
443.0 266.0 0
273.0 212.0 0
64.0 317.0 0
153.0 271.0 0
416.0 4.0 0
459.0 246.0 0
486.0 273.0 0
241.0 199.0 0
244.0 96.0 0
286.0 258.0 0
142.0 237.0 0
220.0 116.0 0
336.0 163.0 0
472.0 151.0 0
446.0 129.0 0
403.0 327.0 0
255.0 169.0 0
396.0 377.0 0
198.0 240.0 0
160.0 359.0 0
285.0 56.0 0
443.0 278.0 0
251.0 142.0 0
236.0 73.0 0
372.0 10.0 0
203.0 360.0 0
419.0 276.0 0
477.0 81.0 0
434.0 170.0 0
347.0 257.0 0
378.0 39.0 0
431.0 71.0 0
308.0 156.0 0
289.0 40.0 0
99.0 83.0 0
456.0 278.0 0
418.0 24.0 0
453.0 289.0 0
208.0 311.0 0
325.0 63.0 0
241.0 334.0 0
485.0 139.0 0
451.0 376.0 0
258.0 264.0 0
466.0 320.0 0
174.0 127.0 0
295.0 126.0 0
363.0 300.0 0
452.0 93.0 0
296.0 148.0 0
374.0 260.0 0
379.0 130.0 0
232.0 316.0 0
319.0 223.0 0
463.0 137.0 0
404.0 254.0 0
103.0 64.0 0
472.0 356.0 0
339.0 38.0 0
355.0 64.0 0
70.0 335.0 0
99.0 107.0 0
174.0 201.0 0
376.0 157.0 0
429.0 89.0 0
396.0 333.0 0
460.0 165.0 0
418.0 168.0 0
27.0 26.0 0
74.0 142.0 0
453.0 226.0 0
21.0 24.0 0
174.0 313.0 0
432.0 3.0 0
481.0 160.0 0
287.0 360.0 0
434.0 378.0 0
470.0 220.0 0
323.0 220.0 0
217.0 278.0 0
404.0 79.0 0
289.0 195.0 0
339.0 308.0 0
217.0 361.0 0
98.0 22.0 0
254.0 321.0 0
296.0 320.0 0
402.0 264.0 0
190.0 224.0 0
348.0 226.0 0
480.0 187.0 0
161.0 293.0 0
483.0 211.0 0
335.0 221.0 0
399.0 360.0 0
389.0 29.0 0
462.0 361.0 0
422.0 198.0 0
396.0 108.0 0
188.0 224.0 0
93.0 294.0 0
473.0 16.0 0
262.0 174.0 0
111.0 336.0 0
438.0 120.0 0
188.0 180.0 0
493.0 250.0 0
330.0 127.0 0
213.0 124.0 0
318.0 54.0 0
391.0 79.0 0
147.0 214.0 0
245.0 170.0 0
389.0 311.0 0
204.0 275.0 0
198.0 7.0 0
27.0 131.0 0
380.0 21.0 0
96.0 138.0 0
344.0 124.0 0
248.0 192.0 0
480.0 172.0 0
217.0 378.0 0
453.0 286.0 0
319.0 26.0 0
452.0 308.0 0
95.0 347.0 0
348.0 219.0 0
309.0 164.0 0
310.0 264.0 0
269.0 16.0 0
478.0 72.0 0
62.0 217.0 0
409.0 294.0 0
426.0 164.0 0
203.0 292.0 0
306.0 34.0 0
196.0 253.0 0
352.0 29.0 0
291.0 303.0 0
49.0 377.0 0
101.0 307.0 0
3.0 65.0 0
480.0 382.0 0
328.0 322.0 0
315.0 52.0 0
170.0 256.0 0
209.0 101.0 0
178.0 181.0 0
188.0 347.0 0
406.0 98.0 0
413.0 60.0 0
399.0 305.0 0
279.0 168.0 0
389.0 212.0 0
439.0 217.0 0
189.0 373.0 0
433.0 265.0 0
370.0 194.0 0
336.0 18.0 0
296.0 101.0 0
393.0 155.0 0
423.0 339.0 0
347.0 204.0 0
161.0 20.0 0
355.0 254.0 0
64.0 381.0 0
393.0 241.0 0
233.0 313.0 0
415.0 249.0 0
481.0 346.0 0
295.0 277.0 0
493.0 179.0 0
480.0 4.0 0
133.0 297.0 0
66.0 32.0 0
280.0 5.0 0
485.0 66.0 0
448.0 151.0 0
366.0 336.0 0
278.0 35.0 0
431.0 174.0 0
378.0 31.0 0
348.0 158.0 0
177.0 173.0 0
378.0 164.0 0
326.0 337.0 0
66.0 35.0 0
404.0 170.0 0
251.0 245.0 0
466.0 334.0 0
147.0 315.0 0
264.0 228.0 0
334.0 0.0 0
391.0 134.0 0
83.0 155.0 0
205.0 277.0 0
26.0 357.0 0
153.0 191.0 0
198.0 149.0 0
445.0 343.0 0
101.0 268.0 0
376.0 172.0 0
373.0 137.0 0
21.0 215.0 0
334.0 15.0 0
82.0 108.0 0
416.0 17.0 0
284.0 34.0 0
331.0 29.0 0
415.0 16.0 0
450.0 300.0 0
450.0 70.0 0
335.0 177.0 0
270.0 334.0 0
102.0 210.0 0
184.0 287.0 0
409.0 329.0 0
303.0 282.0 0
284.0 290.0 0
159.0 238.0 0
450.0 59.0 0
351.0 314.0 0
456.0 98.0 0
483.0 145.0 0
401.0 221.0 0
371.0 316.0 0
390.0 199.0 0
331.0 27.0 0
320.0 254.0 0
422.0 312.0 0
268.0 176.0 0
3.0 62.0 0
228.0 229.0 0
165.0 173.0 0
143.0 122.0 0
301.0 362.0 0
427.0 86.0 0
98.0 26.0 0
453.0 80.0 0
328.0 287.0 0
339.0 49.0 0
306.0 133.0 0
304.0 320.0 0
408.0 69.0 0
300.0 134.0 0
281.0 130.0 0
385.0 219.0 0
465.0 208.0 0
480.0 136.0 0
209.0 105.0 0
347.0 326.0 0
399.0 118.0 0
62.0 5.0 0
311.0 127.0 0
302.0 226.0 0
285.0 15.0 0
319.0 77.0 0
256.0 139.0 0
204.0 119.0 0
386.0 223.0 0
139.0 289.0 0
339.0 372.0 0
290.0 330.0 0
327.0 354.0 0
302.0 348.0 0
357.0 145.0 0
365.0 27.0 0
377.0 98.0 0
112.0 250.0 0
329.0 130.0 0
302.0 139.0 0
215.0 106.0 0
486.0 32.0 0
0.0 51.0 0
386.0 202.0 0
471.0 289.0 0
116.0 25.0 0
283.0 108.0 0
308.0 257.0 0
277.0 210.0 0
421.0 361.0 0
422.0 118.0 0
450.0 25.0 0
458.0 129.0 0
265.0 209.0 0
452.0 333.0 0
420.0 232.0 0
21.0 56.0 0
281.0 99.0 0
293.0 375.0 0
133.0 19.0 0
232.0 242.0 0
92.0 42.0 0
243.0 191.0 0
374.0 307.0 0
493.0 2.0 0
380.0 201.0 0
291.0 219.0 0
204.0 77.0 0
137.0 200.0 0
139.0 89.0 0
453.0 234.0 0
487.0 55.0 0
327.0 381.0 0
0.0 65.0 0
342.0 283.0 0
342.0 30.0 0
311.0 350.0 0
251.0 26.0 0
235.0 344.0 0
446.0 272.0 0
447.0 286.0 0
312.0 251.0 0
386.0 57.0 0
307.0 316.0 0
265.0 123.0 0
137.0 218.0 0
315.0 160.0 0
329.0 237.0 0
446.0 340.0 0
337.0 166.0 0
66.0 17.0 0
429.0 351.0 0
262.0 170.0 0
480.0 101.0 0
417.0 356.0 0
367.0 94.0 0
212.0 173.0 0
178.0 103.0 0
456.0 136.0 0
90.0 44.0 0
256.0 119.0 0
290.0 229.0 0
205.0 123.0 0
262.0 8.0 0
177.0 382.0 0
272.0 310.0 0
429.0 144.0 0
476.0 343.0 0
428.0 23.0 0
269.0 90.0 0
64.0 265.0 0
379.0 125.0 0
252.0 319.0 0
351.0 151.0 0
465.0 236.0 0
62.0 44.0 0
152.0 274.0 0
186.0 117.0 0
342.0 90.0 0
352.0 172.0 0
402.0 85.0 0
74.0 328.0 0
220.0 333.0 0
381.0 210.0 0
221.0 335.0 0
354.0 242.0 0
189.0 56.0 0
82.0 117.0 0
415.0 296.0 0
427.0 345.0 0
251.0 233.0 0
228.0 154.0 0
302.0 79.0 0
112.0 296.0 0
435.0 171.0 0
443.0 260.0 0
100.0 219.0 0
93.0 15.0 0
306.0 150.0 0
373.0 365.0 0
49.0 93.0 0
200.0 366.0 0
446.0 125.0 0
451.0 224.0 0
105.0 370.0 0
387.0 190.0 0
484.0 271.0 0
407.0 236.0 0
245.0 126.0 0
301.0 221.0 0
288.0 158.0 0
286.0 359.0 0
259.0 348.0 0
251.0 231.0 0
90.0 326.0 0
351.0 61.0 0
3.0 376.0 0
376.0 228.0 0
83.0 346.0 0
307.0 113.0 0
280.0 208.0 0
406.0 73.0 0
299.0 133.0 0
386.0 343.0 0
217.0 227.0 0
329.0 339.0 0
483.0 111.0 0
221.0 306.0 0
96.0 22.0 0
388.0 109.0 0
269.0 89.0 0
226.0 6.0 0
412.0 354.0 0
66.0 177.0 0
241.0 165.0 0
397.0 228.0 0
285.0 106.0 0
474.0 144.0 0
396.0 201.0 0
317.0 71.0 0
112.0 374.0 0
290.0 26.0 0
214.0 278.0 0
378.0 66.0 0
421.0 165.0 0
354.0 42.0 0
423.0 376.0 0
487.0 296.0 0
333.0 325.0 0
381.0 132.0 0
422.0 307.0 0
248.0 92.0 0
461.0 200.0 0
176.0 158.0 0
291.0 14.0 0
347.0 200.0 0
426.0 7.0 0
380.0 373.0 0
482.0 48.0 0
274.0 350.0 0
329.0 39.0 0
284.0 205.0 0
212.0 153.0 0
429.0 380.0 0
426.0 295.0 0
245.0 163.0 0
342.0 33.0 0
83.0 77.0 0
255.0 293.0 0
112.0 211.0 0
301.0 23.0 0
443.0 270.0 0
205.0 221.0 0
460.0 122.0 0
348.0 2.0 0
300.0 73.0 0
485.0 176.0 0
339.0 152.0 0
391.0 248.0 0
137.0 102.0 0
391.0 370.0 0
331.0 282.0 0
311.0 216.0 0
414.0 67.0 0
102.0 77.0 0
91.0 191.0 0
139.0 3.0 0
458.0 358.0 0
469.0 158.0 0
298.0 50.0 0
170.0 299.0 0
417.0 132.0 0
207.0 317.0 0
396.0 96.0 0
490.0 206.0 0
20.0 43.0 0
142.0 48.0 0
485.0 12.0 0
377.0 5.0 0
293.0 164.0 0
394.0 43.0 0
473.0 124.0 0
298.0 162.0 0
386.0 198.0 0
335.0 186.0 0
334.0 190.0 0
422.0 43.0 0
488.0 320.0 0
427.0 196.0 0
315.0 106.0 0
388.0 332.0 0
293.0 189.0 0
349.0 33.0 0
203.0 240.0 0
0.0 242.0 0
475.0 208.0 0
410.0 91.0 0
413.0 197.0 0
147.0 132.0 0
280.0 99.0 0
470.0 157.0 0
241.0 32.0 0
301.0 151.0 0
429.0 262.0 0
387.0 325.0 0
458.0 132.0 0
323.0 33.0 0
292.0 64.0 0
249.0 357.0 0
426.0 21.0 0
465.0 112.0 0
248.0 378.0 0
205.0 98.0 0
451.0 326.0 0
418.0 372.0 0
236.0 250.0 0
186.0 210.0 0
388.0 56.0 0
186.0 68.0 0
325.0 281.0 0
373.0 59.0 0
394.0 210.0 0
277.0 10.0 0
208.0 36.0 0
221.0 21.0 0
316.0 240.0 0
286.0 330.0 0
240.0 118.0 0
92.0 248.0 0
189.0 145.0 0
468.0 324.0 0
363.0 53.0 0
276.0 185.0 0
400.0 358.0 0
143.0 115.0 0
203.0 323.0 0
392.0 67.0 0
207.0 191.0 0
409.0 100.0 0
452.0 107.0 0
397.0 335.0 0
335.0 129.0 0
409.0 243.0 0
453.0 326.0 0
262.0 82.0 0
179.0 306.0 0
371.0 372.0 0
190.0 278.0 0
474.0 319.0 0
359.0 182.0 0
458.0 334.0 0
101.0 45.0 0
321.0 313.0 0
489.0 23.0 0
491.0 350.0 0
434.0 0.0 0
335.0 353.0 0
308.0 183.0 0
159.0 302.0 0
307.0 250.0 0
241.0 249.0 0
340.0 79.0 0
3.0 70.0 0
49.0 247.0 0
422.0 22.0 0
298.0 135.0 0
272.0 90.0 0
254.0 233.0 0
468.0 283.0 0
74.0 11.0 0
434.0 168.0 0
92.0 244.0 0
70.0 313.0 0
211.0 192.0 0
387.0 250.0 0
326.0 84.0 0
396.0 184.0 0
310.0 363.0 0
456.0 63.0 0
112.0 340.0 0
369.0 176.0 0
302.0 245.0 0
188.0 9.0 0
352.0 232.0 0
368.0 216.0 0
339.0 132.0 0
440.0 67.0 0
254.0 290.0 0
139.0 314.0 0
27.0 346.0 0
272.0 146.0 0
137.0 196.0 0
303.0 198.0 0
302.0 381.0 0
196.0 179.0 0
375.0 52.0 0
226.0 313.0 0
90.0 213.0 0
402.0 376.0 0
271.0 181.0 0
431.0 118.0 0
218.0 193.0 0
321.0 107.0 0
447.0 226.0 0
409.0 333.0 0
327.0 44.0 0
286.0 19.0 0
228.0 197.0 0
426.0 223.0 0
440.0 251.0 0
282.0 362.0 0
411.0 74.0 0
241.0 322.0 0
433.0 236.0 0
422.0 227.0 0
313.0 12.0 0
233.0 204.0 0
457.0 125.0 0
456.0 219.0 0
425.0 47.0 0
249.0 317.0 0
288.0 205.0 0
386.0 183.0 0
368.0 134.0 0
309.0 328.0 0
419.0 40.0 0
357.0 288.0 0
449.0 78.0 0
186.0 253.0 0
220.0 51.0 0
152.0 143.0 0
457.0 364.0 0
160.0 92.0 0
390.0 311.0 0
386.0 381.0 0
208.0 209.0 0
274.0 86.0 0
102.0 298.0 0
102.0 154.0 0
408.0 300.0 0
471.0 202.0 0
233.0 122.0 0
412.0 49.0 0
409.0 62.0 0
425.0 358.0 0
369.0 170.0 0
280.0 355.0 0
372.0 315.0 0
335.0 164.0 0
454.0 227.0 0
264.0 114.0 0
378.0 268.0 0
272.0 358.0 0
316.0 215.0 0
83.0 35.0 0
336.0 174.0 0
249.0 165.0 0
258.0 175.0 0
437.0 309.0 0
258.0 271.0 0
178.0 172.0 0
480.0 274.0 0
492.0 314.0 0
490.0 123.0 0
439.0 39.0 0
299.0 222.0 0
270.0 51.0 0
111.0 306.0 0
397.0 334.0 0
275.0 8.0 0
165.0 340.0 0
491.0 11.0 0
313.0 38.0 0
356.0 268.0 0
438.0 34.0 0
363.0 141.0 0
392.0 147.0 0
478.0 13.0 0
107.0 331.0 0
295.0 4.0 0
355.0 292.0 0
448.0 252.0 0
413.0 359.0 0
461.0 54.0 0
308.0 67.0 0
91.0 28.0 0
237.0 251.0 0
236.0 244.0 0
444.0 60.0 0
428.0 217.0 0
329.0 131.0 0
95.0 85.0 0
469.0 73.0 0
351.0 206.0 0
3.0 22.0 0
291.0 258.0 0
396.0 369.0 0
304.0 290.0 0
262.0 127.0 0
309.0 254.0 0
268.0 207.0 0
288.0 6.0 0
487.0 223.0 0
212.0 59.0 0
464.0 32.0 0
494.0 213.0 0
353.0 20.0 0
265.0 376.0 0
268.0 79.0 0
494.0 200.0 0
429.0 211.0 0
383.0 167.0 0
196.0 264.0 0
335.0 364.0 0
438.0 55.0 0
62.0 306.0 0
255.0 309.0 0
365.0 124.0 0
416.0 204.0 0
436.0 105.0 0
312.0 240.0 0
437.0 195.0 0
417.0 378.0 0
485.0 35.0 0
411.0 69.0 0
20.0 116.0 0
241.0 309.0 0
398.0 139.0 0
176.0 215.0 0
281.0 176.0 0
380.0 312.0 0
280.0 288.0 0
74.0 143.0 0
98.0 349.0 0
397.0 218.0 0
390.0 255.0 0
318.0 142.0 0
435.0 248.0 0
457.0 360.0 0
176.0 250.0 0
105.0 244.0 0
143.0 292.0 0
263.0 126.0 0
92.0 184.0 0
470.0 318.0 0
314.0 371.0 0
368.0 331.0 0
322.0 77.0 0
401.0 295.0 0
342.0 23.0 0
91.0 162.0 0
415.0 202.0 0
380.0 88.0 0
331.0 36.0 0
192.0 335.0 0
265.0 278.0 0
465.0 104.0 0
61.0 180.0 0
370.0 265.0 0
413.0 123.0 0
464.0 248.0 0
112.0 196.0 0
488.0 319.0 0
378.0 141.0 0
436.0 90.0 0
208.0 73.0 0
493.0 142.0 0
387.0 341.0 0
254.0 278.0 0
96.0 326.0 0
425.0 3.0 0
20.0 172.0 0
377.0 294.0 0
397.0 37.0 0
455.0 334.0 0
249.0 142.0 0
309.0 381.0 0
212.0 85.0 0
337.0 74.0 0
21.0 236.0 0
382.0 118.0 0
83.0 54.0 0
326.0 279.0 0
420.0 201.0 0
188.0 17.0 0
269.0 375.0 0
331.0 156.0 0
323.0 269.0 0
66.0 13.0 0
400.0 265.0 0
302.0 252.0 0
168.0 44.0 0
377.0 247.0 0
393.0 341.0 0
108.0 206.0 0
289.0 122.0 0
286.0 72.0 0
279.0 243.0 0
490.0 351.0 0
277.0 91.0 0
142.0 202.0 0
377.0 349.0 0
265.0 201.0 0
289.0 120.0 0
101.0 155.0 0
212.0 234.0 0
108.0 322.0 0
435.0 302.0 0
297.0 230.0 0
341.0 277.0 0
142.0 225.0 0
334.0 132.0 0
352.0 36.0 0
420.0 128.0 0
298.0 74.0 0
308.0 48.0 0
429.0 360.0 0
453.0 221.0 0
403.0 25.0 0
178.0 189.0 0
243.0 93.0 0
344.0 322.0 0
245.0 130.0 0
281.0 236.0 0
177.0 50.0 0
307.0 312.0 0
357.0 84.0 0
454.0 228.0 0
393.0 240.0 0
329.0 225.0 0
493.0 139.0 0
418.0 129.0 0
326.0 86.0 0
383.0 148.0 0
344.0 143.0 0
324.0 160.0 0
165.0 36.0 0
290.0 352.0 0
301.0 170.0 0
481.0 343.0 0
96.0 209.0 0
214.0 19.0 0
315.0 370.0 0
457.0 222.0 0
436.0 151.0 0
322.0 377.0 0
90.0 3.0 0
354.0 166.0 0
49.0 353.0 0
388.0 194.0 0
370.0 334.0 0
391.0 166.0 0
330.0 256.0 0
377.0 65.0 0
407.0 239.0 0
350.0 144.0 0
221.0 360.0 0
70.0 141.0 0
262.0 148.0 0
309.0 283.0 0
478.0 63.0 0
197.0 74.0 0
244.0 256.0 0
356.0 313.0 0
403.0 193.0 0
348.0 273.0 0
