14 355 1
148 119 1
438 236 1
2 377 1
372 93 1
50 6 1
176 145 1
15 4 1
15 92 1
19 226 1
88 146 1
80 59 1
132 145 1
73 321 1
15 271 1
131 126 1
16 111 1
223 79 1
24 35 1
24 378 1
280 261 1
19 202 1
80 171 1
10 364 1
18 273 1
149 240 1
198 93 1
216 378 1
437 236 1
173 59 1
72 169 1
203 353 1
124 173 1
321 174 1
44 239 1
135 92 1
97 8 1
25 240 1
241 92 1
13 11 1
19 90 1
10 383 1
77 93 1
385 145 1
7 255 1
193 53 1
154 145 1
14 272 1
17 163 1
12 30 1
181 65 1
193 369 1
44 307 1
41 159 1
257 253 1
131 53 1
28 252 1
123 364 1
4 328 1
11 364 1
227 162 1
231 159 1
362 163 1
85 191 1
51 219 1
125 145 1
72 93 1
157 364 1
14 126 1
158 240 1
118 307 1
50 210 1
272 119 1
15 93 1
59 119 1
475 336 1
93 310 1
146 279 1
175 63 1
8 92 1
24 6 1
191 159 1
19 366 1
17 370 1
141 32 1
225 192 1
5 50 1
314 93 1
40 126 1
42 222 1
8 59 1
29 353 1
73 216 1
43 222 1
246 271 1
350 63 1
338 59 1
138 61 1
358 204 1
72 159 1
48 275 1
278 285 1
242 282 1
16 206 1
372 377 1
234 59 1
10 61 1
45 253 1
273 63 1
194 282 1
168 97 1
140 262 1
188 347 1
214 63 1
19 151 1
71 307 1
75 260 1
120 206 1
124 253 1
162 110 1
149 63 1
47 239 1
125 142 1
6 216 1
51 196 1
18 224 1
224 370 1
178 240 1
255 252 1
7 41 1
120 353 1
163 186 1
275 282 1
123 240 1
125 250 1
69 93 1
428 216 1
178 362 1
68 93 1
19 93 1
309 93 1
50 282 1
113 120 1
13 216 1
57 236 1
268 307 1
65 210 1
204 171 1
114 145 1
433 227 1
43 380 1
349 351 1
280 328 1
18 321 1
55 268 1
236 59 1
76 253 1
51 310 1
152 63 1
167 239 1
58 126 1
55 145 1
134 263 1
24 237 1
19 304 1
68 279 1
194 74 1
269 59 1
169 142 1
37 169 1
71 210 1
53 377 1
162 63 1
163 59 1
141 240 1
119 110 1
493 377 1
112 9 1
13 307 1
24 59 1
19 241 1
229 262 1
106 59 1
124 219 1
37 53 1
15 364 1
315 253 1
144 304 1
78 8 1
146 50 1
110 67 1
86 173 1
55 123 1
47 328 1
23 282 1
24 107 1
47 338 1
106 61 1
240 123 1
326 163 1
160 159 1
65 147 1
129 50 1
224 328 1
86 364 1
154 135 1
119 304 1
7 6 1
52 164 1
141 307 1
143 107 1
46 175 1
28 222 1
69 304 1
5 328 1
292 54 1
308 59 1
50 271 1
43 22 1
45 260 1
26 59 1
23 281 1
162 253 1
216 253 1
65 253 1
17 35 1
359 145 1
55 304 1
323 100 1
128 93 1
164 63 1
120 92 1
142 290 1
149 59 1
46 61 1
314 253 1
164 159 1
23 370 1
42 281 1
148 377 1
24 240 1
362 364 1
90 310 1
59 219 1
14 232 1
38 237 1
151 124 1
44 203 1
2 219 1
65 377 1
160 240 1
37 182 1
191 50 1
14 334 1
15 304 1
18 81 1
115 163 1
6 35 1
357 304 1
150 326 1
178 41 1
18 59 1
56 374 1
154 377 1
19 149 1
408 163 1
28 92 1
14 180 1
223 50 1
387 124 1
65 272 1
362 142 1
120 169 1
345 253 1
42 375 1
14 25 1
146 342 1
32 97 1
18 261 1
85 236 1
33 11 1
30 93 1
141 252 1
43 332 1
52 40 1
73 282 1
18 307 1
13 319 1
14 370 1
238 93 1
18 269 1
349 61 1
107 8 1
65 178 1
222 59 1
129 345 1
130 279 1
177 50 1
359 65 1
91 210 1
112 364 1
68 285 1
138 21 1
24 97 1
30 328 1
43 302 1
163 269 1
24 252 1
143 376 1
247 145 1
13 5 1
43 237 1
244 345 1
135 165 1
87 61 1
294 159 1
55 240 1
48 8 1
18 51 1
6 198 1
262 50 1
131 257 1
117 226 1
24 320 1
46 145 1
124 371 1
80 126 1
170 376 1
194 163 1
158 318 1
104 163 1
14 132 1
56 51 1
124 378 1
136 145 1
156 304 1
124 147 1
14 35 1
319 263 1
24 191 1
60 328 1
426 210 1
1 236 1
163 191 1
196 150 1
163 226 1
47 219 1
4 2 1
335 304 1
38 53 1
28 353 1
5 197 1
146 190 1
295 302 1
252 307 1
84 307 1
106 142 1
175 237 1
142 180 1
65 328 1
31 54 1
126 120 1
175 159 1
22 307 1
182 377 1
145 321 1
477 364 1
65 280 1
225 173 1
176 61 1
65 282 1
18 123 1
56 50 1
354 139 1
148 252 1
433 341 1
275 238 1
219 163 1
185 38 1
125 377 1
29 269 1
216 237 1
119 120 1
69 119 1
128 11 1
87 93 1
460 269 1
145 364 1
56 54 1
343 61 1
8 304 1
55 244 1
482 364 1
28 236 1
84 59 1
141 16 1
72 240 1
12 240 1
14 210 1
164 191 1
118 119 1
121 328 1
187 253 1
124 338 1
119 50 1
6 236 1
9 3 1
68 364 1
84 378 1
125 116 1
46 83 1
36 262 1
194 252 1
333 59 1
70 93 1
19 163 1
43 126 1
42 236 1
327 59 1
259 50 1
17 276 1
25 163 1
149 17 1
27 6 1
154 65 1
69 140 1
121 11 1
28 16 1
31 328 1
314 59 1
70 304 1
71 54 1
69 155 1
259 364 1
51 93 1
419 181 1
14 276 1
137 11 1
24 93 1
5 275 1
19 270 1
14 271 1
9 269 1
176 120 1
46 250 1
355 93 1
47 302 1
37 149 1
454 253 1
60 159 1
179 253 1
54 61 1
357 282 1
86 323 1
190 219 1
200 120 1
7 3 1
59 235 1
15 269 1
43 377 1
146 16 1
128 314 1
60 61 1
240 59 1
105 8 1
6 253 1
43 244 1
469 328 1
65 206 1
18 291 1
25 120 1
367 239 1
75 50 1
476 349 1
96 8 1
441 239 1
19 217 1
5 241 1
140 147 1
247 126 1
146 377 1
125 49 1
148 210 1
48 145 1
68 290 1
59 186 1
154 264 1
168 239 1
29 282 1
119 119 1
7 93 1
234 328 1
149 248 1
56 236 1
22 38 1
367 92 1
120 364 1
37 120 1
5 236 1
15 236 1
354 227 1
5 354 1
40 11 1
46 169 1
17 271 1
149 281 1
267 120 1
116 93 1
10 206 1
87 8 1
311 207 1
70 364 1
138 282 1
424 207 1
403 147 1
208 181 1
223 93 1
68 63 1
162 341 1
118 169 1
397 145 1
148 383 1
268 236 1
110 285 1
128 310 1
242 265 1
167 236 1
24 377 1
81 8 1
165 65 1
169 290 1
359 120 1
169 93 1
158 236 1
65 16 1
94 163 1
48 59 1
40 50 1
238 63 1
2 142 1
65 179 1
49 248 1
46 191 1
13 304 1
122 145 1
119 269 1
272 364 1
204 356 1
216 248 1
3 61 1
39 108 1
10 64 1
40 378 1
204 185 1
78 50 1
46 364 1
7 281 1
97 364 1
75 252 1
14 63 1
33 236 1
125 260 1
14 205 1
365 92 1
72 281 1
316 370 1
11 185 1
201 106 1
5 145 1
150 282 1
36 27 1
216 169 1
337 59 1
114 159 1
283 364 1
285 54 1
202 353 1
35 364 1
37 50 1
273 364 1
19 59 1
167 370 1
175 186 1
154 26 1
29 219 1
132 236 1
216 366 1
59 307 1
146 253 1
94 8 1
223 240 1
50 159 1
114 59 1
167 156 1
77 242 1
14 146 1
19 268 1
158 50 1
156 236 1
46 269 1
56 63 1
358 147 1
71 40 1
138 50 1
37 119 1
88 53 1
5 220 1
55 341 1
162 269 1
380 323 1
182 353 1
237 50 1
171 377 1
30 164 1
356 64 1
78 61 1
136 76 1
17 302 1
115 10 1
28 321 1
234 262 1
31 252 1
80 50 1
289 54 1
14 83 1
2 307 1
13 310 1
88 252 1
131 253 1
151 61 1
29 285 1
27 35 1
292 63 1
242 93 1
109 262 1
14 69 1
6 135 1
50 264 1
50 53 1
192 282 1
56 268 1
276 364 1
82 8 1
18 142 1
47 262 1
18 107 1
131 41 1
28 261 1
60 145 1
41 119 1
127 310 1
106 343 1
14 186 1
118 59 1
223 145 1
5 341 1
33 377 1
23 6 1
181 145 1
241 50 1
289 63 1
13 212 1
147 336 1
8 237 1
88 93 1
10 253 1
107 59 1
43 212 1
10 378 1
177 291 1
230 252 1
9 65 1
19 176 1
165 147 1
306 95 1
310 307 1
50 93 1
78 93 1
273 50 1
35 304 1
177 377 1
394 126 1
55 40 1
48 253 1
166 147 1
2 41 1
223 163 1
270 50 1
6 341 1
58 345 1
118 253 1
69 278 1
55 6 1
46 279 1
88 348 1
165 210 1
169 163 1
79 271 1
117 120 1
263 59 1
452 253 1
27 93 1
50 208 1
16 159 1
33 205 1
453 253 1
142 16 1
16 271 1
316 257 1
88 335 1
14 303 1
1 37 1
310 59 1
46 159 1
305 59 1
53 6 1
278 343 1
8 126 1
154 63 1
75 248 1
459 261 1
220 145 1
12 219 1
24 173 1
123 11 1
222 245 1
204 253 1
245 302 1
23 120 1
210 126 1
194 147 1
5 257 1
148 159 1
195 304 1
223 236 1
158 245 1
30 173 1
40 377 1
54 6 1
310 236 1
155 26 1
441 347 1
7 142 1
55 95 1
13 269 1
40 10 1
308 271 1
270 92 1
163 307 1
56 6 1
471 328 1
88 306 1
252 50 1
358 159 1
109 64 1
149 245 1
190 210 1
75 378 1
280 160 1
210 377 1
39 205 1
46 59 1
88 126 1
110 65 1
246 53 1
135 378 1
110 340 1
157 50 1
50 307 1
330 239 1
156 296 1
159 32 1
3 236 1
10 35 1
131 50 1
295 93 1
10 54 1
14 328 1
88 147 1
117 317 1
260 304 1
189 302 1
191 304 1
216 93 1
19 4 1
149 259 1
8 377 1
306 239 1
154 236 1
1 262 1
55 50 1
196 59 1
43 59 1
7 11 1
32 59 1
34 36 1
12 290 1
338 239 1
75 210 1
81 282 1
51 156 1
72 8 1
77 62 1
22 6 1
34 328 1
160 32 1
6 353 1
281 63 1
53 304 1
173 185 1
9 92 1
143 217 1
367 336 1
348 307 1
9 255 1
200 328 1
46 349 1
110 282 1
41 282 1
43 281 1
35 260 1
16 163 1
114 314 1
374 163 1
402 364 1
38 108 1
6 302 1
55 241 1
131 123 1
25 124 1
31 119 1
204 95 1
131 120 1
186 38 1
121 50 1
112 377 1
10 307 1
463 290 1
216 190 1
323 59 1
75 40 1
116 383 1
31 339 1
116 147 1
38 147 1
47 216 1
126 285 1
383 163 1
216 329 1
407 290 1
80 257 1
11 250 1
43 318 1
55 282 1
44 240 1
258 50 1
10 336 1
246 239 1
216 219 1
239 50 1
339 59 1
7 236 1
38 371 1
80 27 1
223 252 1
7 304 1
126 145 1
219 219 1
396 139 1
176 356 1
118 304 1
88 307 1
65 59 1
65 248 1
51 378 1
164 120 1
227 240 1
273 192 1
142 147 1
393 126 1
140 236 1
141 147 1
41 6 1
7 53 1
22 236 1
44 61 1
472 328 1
71 51 1
200 50 1
118 33 1
50 142 1
2 59 1
88 290 1
32 304 1
405 328 1
37 164 1
19 42 1
19 319 1
26 6 1
88 282 1
71 364 1
155 282 1
75 92 1
280 236 1
263 328 1
152 120 1
58 304 1
38 56 1
6 92 1
83 93 1
72 142 1
173 307 1
165 282 1
224 126 1
88 221 1
47 281 1
251 59 1
39 59 1
201 261 1
120 328 1
422 272 1
41 339 1
42 328 1
5 97 1
154 126 1
383 150 1
146 310 1
169 341 1
183 251 1
308 119 1
295 54 1
117 159 1
27 24 1
14 92 1
145 329 1
219 364 1
120 271 1
150 93 1
175 145 1
14 269 1
198 376 1
119 186 1
52 119 1
165 59 1
126 326 1
65 364 1
17 185 1
124 23 1
128 328 1
44 269 1
164 317 1
43 255 1
69 59 1
6 264 1
267 134 1
130 50 1
210 304 1
182 101 1
50 252 1
145 236 1
187 38 1
47 107 1
14 93 1
17 93 1
59 317 1
212 50 1
28 269 1
311 176 1
150 279 1
80 379 1
163 142 1
150 263 1
174 35 1
199 163 1
87 240 1
1 159 1
414 239 1
25 282 1
14 300 1
60 377 1
127 126 1
425 282 1
315 61 1
216 198 1
16 264 1
266 50 1
173 304 1
146 328 1
117 349 1
30 378 1
22 61 1
150 236 1
147 16 1
14 82 1
118 341 1
45 378 1
30 377 1
84 291 1
239 163 1
21 107 1
14 260 1
126 11 1
10 159 1
172 219 1
224 156 1
22 328 1
306 73 1
73 210 1
10 50 1
14 336 1
47 322 1
272 307 1
124 365 1
229 219 1
199 159 1
7 341 1
59 33 1
55 93 1
162 120 1
40 41 1
119 328 1
36 239 1
173 126 1
65 236 1
119 145 1
28 163 1
28 253 1
194 320 1
65 182 1
357 239 1
407 155 1
158 248 1
150 342 1
178 36 1
24 253 1
39 119 1
11 241 1
31 130 1
181 221 1
48 50 1
71 380 1
7 191 1
110 378 1
146 216 1
51 253 1
39 307 1
52 56 1
244 59 1
71 93 1
168 80 1
156 26 1
76 353 1
10 355 1
225 307 1
199 345 1
46 216 1
149 161 1
252 59 1
176 236 1
109 328 1
42 145 1
45 93 1
357 65 1
50 370 1
74 8 1
131 364 1
14 319 1
173 50 1
391 126 1
30 179 1
9 155 1
110 59 1
148 93 1
175 171 1
75 32 1
107 364 1
283 159 1
163 63 1
171 219 1
275 54 1
118 193 1
34 282 1
10 86 1
50 364 1
59 93 1
280 252 1
150 186 1
46 15 1
216 88 1
146 63 1
223 61 1
14 145 1
5 304 1
80 353 1
9 378 1
47 271 1
2 200 1
76 288 1
264 50 1
46 243 1
124 231 1
122 236 1
268 50 1
163 50 1
37 282 1
183 59 1
55 92 1
141 63 1
113 377 1
91 59 1
59 163 1
154 257 1
172 252 1
2 126 1
89 93 1
110 174 1
87 59 1
38 93 1
6 304 1
158 218 1
32 6 1
119 92 1
18 92 1
59 120 1
252 282 1
267 328 1
55 265 1
56 304 1
113 307 1
14 243 1
262 282 1
22 147 1
9 63 1
137 123 1
140 142 1
12 311 1
82 50 1
308 145 1
68 330 1
13 39 1
122 353 1
451 253 1
65 235 1
3 240 1
405 262 1
10 252 1
28 281 1
408 236 1
171 50 1
10 93 1
154 61 1
224 304 1
15 142 1
55 271 1
156 255 1
110 351 1
78 65 1
14 378 1
138 338 1
121 307 1
19 32 1
50 65 1
23 63 1
75 22 1
37 232 1
117 347 1
307 59 1
52 6 1
69 263 1
50 352 1
36 10 1
79 61 1
28 323 1
16 227 1
89 75 1
27 50 1
10 366 1
19 126 1
36 16 1
134 304 1
70 50 1
40 124 1
19 119 1
151 33 1
20 37 1
126 169 1
88 171 1
33 41 1
14 55 1
214 61 1
158 92 1
39 6 1
16 11 1
126 378 1
42 163 1
168 285 1
110 357 1
9 6 1
178 239 1
140 163 1
120 253 1
224 253 1
169 236 1
421 191 1
18 355 1
199 59 1
6 61 1
142 261 1
14 383 1
180 364 1
43 241 1
48 169 1
230 145 1
141 65 1
44 191 1
36 147 1
178 92 1
176 65 1
165 159 1
88 253 1
199 360 1
204 59 1
34 159 1
16 253 1
124 61 1
52 282 1
291 63 1
19 246 1
204 168 1
80 98 1
46 236 1
81 163 1
400 145 1
223 253 1
287 54 1
191 364 1
164 92 1
119 253 1
256 50 1
21 306 1
97 150 1
73 120 1
106 123 1
119 61 1
69 364 1
71 302 1
13 92 1
80 28 1
210 253 1
114 326 1
106 255 1
143 281 1
149 75 1
79 59 1
7 110 1
141 76 1
158 244 1
128 105 1
296 54 1
14 188 1
238 304 1
146 221 1
29 307 1
79 50 1
271 93 1
24 82 1
47 221 1
114 218 1
43 171 1
49 224 1
81 92 1
88 70 1
31 93 1
88 49 1
14 123 1
7 239 1
160 364 1
9 364 1
86 376 1
435 235 1
9 262 1
37 377 1
246 50 1
46 260 1
216 191 1
119 159 1
65 120 1
122 93 1
144 336 1
165 34 1
178 376 1
154 171 1
55 59 1
201 49 1
68 123 1
130 328 1
37 142 1
345 252 1
79 237 1
81 379 1
75 255 1
31 306 1
8 364 1
224 310 1
256 228 1
262 336 1
55 219 1
37 328 1
219 307 1
223 147 1
239 95 1
58 35 1
39 370 1
91 330 1
51 236 1
161 282 1
364 163 1
79 304 1
149 93 1
2 332 1
442 239 1
71 8 1
23 257 1
12 3 1
28 245 1
11 66 1
269 163 1
2 253 1
286 54 1
235 50 1
243 61 1
168 171 1
77 38 1
224 93 1
141 77 1
60 50 1
14 67 1
39 63 1
217 50 1
123 54 1
6 16 1
224 182 1
55 302 1
121 191 1
39 65 1
265 120 1
12 241 1
9 90 1
144 16 1
14 163 1
35 50 1
117 321 1
167 59 1
420 191 1
416 171 1
162 282 1
56 282 1
46 6 1
24 65 1
362 382 1
202 163 1
6 2 1
15 332 1
45 6 1
230 253 1
191 360 1
223 377 1
166 50 1
16 187 1
222 353 1
5 310 1
305 260 1
88 65 1
301 253 1
46 328 1
245 50 1
40 236 1
104 59 1
71 374 1
2 68 1
204 158 1
42 282 1
246 163 1
5 342 1
31 59 1
113 126 1
38 328 1
156 163 1
20 185 1
79 145 1
38 253 1
63 126 1
307 307 1
357 93 1
407 219 1
71 373 1
6 163 1
172 92 1
36 6 1
91 206 1
8 86 1
40 257 1
77 65 1
75 373 1
12 92 1
77 219 1
71 296 1
200 321 1
131 159 1
50 145 1
116 336 1
281 364 1
144 50 1
400 252 1
39 377 1
58 350 1
34 304 1
307 93 1
9 64 1
26 364 1
231 364 1
280 147 1
138 157 1
168 162 1
71 163 1
60 92 1
172 328 1
56 253 1
78 236 1
19 36 1
84 252 1
404 148 1
119 219 1
59 281 1
8 63 1
191 378 1
10 41 1
146 282 1
228 75 1
131 370 1
17 36 1
113 145 1
301 59 1
19 236 1
65 336 1
142 307 1
390 307 1
254 326 1
63 8 1
24 304 1
75 93 1
253 308 1
60 282 1
6 227 1
337 239 1
266 120 1
45 205 1
246 330 1
154 321 1
250 59 1
269 364 1
18 330 1
445 239 1
122 16 1
362 378 1
30 56 1
23 59 1
44 11 1
92 376 1
204 328 1
141 61 1
71 318 1
266 150 1
444 239 1
24 126 1
81 26 1
48 282 1
196 364 1
176 59 1
187 376 1
1 282 1
47 304 1
178 93 1
281 201 1
1 1 1
171 65 1
177 253 1
14 294 1
271 50 1
76 252 1
12 260 1
111 11 1
409 377 1
113 304 1
120 163 1
153 24 1
104 253 1
417 171 1
71 218 1
217 216 1
151 210 1
55 65 1
321 59 1
91 269 1
33 237 1
13 253 1
50 223 1
13 65 1
149 27 1
272 61 1
121 353 1
106 147 1
15 370 1
68 261 1
169 378 1
50 253 1
192 53 1
216 147 1
75 282 1
138 44 1
31 147 1
310 253 1
80 198 1
14 171 1
31 164 1
12 302 1
50 255 1
257 197 1
72 253 1
400 324 1
82 12 1
68 328 1
327 378 1
169 59 1
184 38 1
37 364 1
349 327 1
131 328 1
294 145 1
209 50 1
162 307 1
25 6 1
65 330 1
1 169 1
19 271 1
53 328 1
38 119 1
95 93 1
10 63 1
340 301 1
120 80 1
26 304 1
168 380 1
194 40 1
423 206 1
227 163 1
47 252 1
120 304 1
49 93 1
43 378 1
261 50 1
88 206 1
42 6 1
120 147 1
14 103 1
42 377 1
305 119 1
298 377 1
15 186 1
88 302 1
171 61 1
11 61 1
380 115 1
65 93 1
199 323 1
24 202 1
305 364 1
15 279 1
14 307 1
42 206 1
265 364 1
165 236 1
202 235 1
11 261 1
88 61 1
128 59 1
65 159 1
131 232 1
3 95 1
86 145 1
210 341 1
22 93 1
82 100 1
43 266 1
26 63 1
18 258 1
46 147 1
140 317 1
71 255 1
86 163 1
39 92 1
9 383 1
216 159 1
316 219 1
50 126 1
141 82 1
227 92 1
46 307 1
114 95 1
180 370 1
171 35 1
6 87 1
59 262 1
113 327 1
75 314 1
119 11 1
25 252 1
345 163 1
241 120 1
13 206 1
163 110 1
59 185 1
11 271 1
76 254 1
12 338 1
75 218 1
113 9 1
318 59 1
204 93 1
29 302 1
222 323 1
29 8 1
24 163 1
343 281 1
55 266 1
192 347 1
23 290 1
54 100 1
86 356 1
43 304 1
18 262 1
12 377 1
154 202 1
227 147 1
321 330 1
139 147 1
202 240 1
12 356 1
85 93 1
88 159 1
252 222 1
44 65 1
131 147 1
121 169 1
186 251 1
43 364 1
38 120 1
183 63 1
15 120 1
33 364 1
120 16 1
242 147 1
149 253 1
288 63 1
190 239 1
47 92 1
364 218 1
13 261 1
86 35 1
119 191 1
431 219 1
39 126 1
77 304 1
150 18 1
65 378 1
14 252 1
14 162 1
93 364 1
117 186 1
343 186 1
222 364 1
175 119 1
203 119 1
18 117 1
41 364 1
47 32 1
217 364 1
140 97 1
156 61 1
125 191 1
13 241 1
43 147 1
148 382 1
88 364 1
11 307 1
10 59 1
23 65 1
316 282 1
317 59 1
319 59 1
146 59 1
193 283 1
55 255 1
258 253 1
167 285 1
361 82 1
118 11 1
88 256 1
71 92 1
188 38 1
81 364 1
43 16 1
10 91 1
51 126 1
37 41 1
14 253 1
41 147 1
124 317 1
40 93 1
18 281 1
254 92 1
37 240 1
109 378 1
22 65 1
61 8 1
450 252 1
373 307 1
102 8 1
492 377 1
84 142 1
43 51 1
43 240 1
149 316 1
173 92 1
149 236 1
38 240 1
177 370 1
316 95 1
158 253 1
227 219 1
63 93 1
1 304 1
113 239 1
9 302 1
6 342 1
146 332 1
44 10 1
316 82 1
196 50 1
248 50 1
106 370 1
133 153 1
112 105 1
257 50 1
227 380 1
166 145 1
39 93 1
79 239 1
8 40 1
199 282 1
28 266 1
130 304 1
10 377 1
1 61 1
68 8 1
265 93 1
65 218 1
172 257 1
81 304 1
131 65 1
155 236 1
88 64 1
6 50 1
2 1 1
126 216 1
29 221 1
138 69 1
26 281 1
24 321 1
330 126 1
185 163 1
305 239 1
222 145 1
19 307 1
178 364 1
134 50 1
88 8 1
28 219 1
168 120 1
231 304 1
13 17 1
109 11 1
204 229 1
427 210 1
178 307 1
75 262 1
60 281 1
24 328 1
7 92 1
168 59 1
69 260 1
349 328 1
34 219 1
174 261 1
287 377 1
202 49 1
95 63 1
297 59 1
191 126 1
443 364 1
379 108 1
77 210 1
92 59 1
117 341 1
75 245 1
163 341 1
18 35 1
295 290 1
178 232 1
15 95 1
304 93 1
48 219 1
40 9 1
44 282 1
60 304 1
243 310 1
340 239 1
164 33 1
221 50 1
65 213 1
17 92 1
120 50 1
125 285 1
15 339 1
193 282 1
91 253 1
148 378 1
89 253 1
490 376 1
117 304 1
255 364 1
110 53 1
167 50 1
14 345 1
246 238 1
37 286 1
154 254 1
21 119 1
204 282 1
132 341 1
95 8 1
86 126 1
405 219 1
47 321 1
30 236 1
177 185 1
38 109 1
24 90 1
199 44 1
75 377 1
16 377 1
24 310 1
43 20 1
15 163 1
437 290 1
19 382 1
194 134 1
50 330 1
242 253 1
86 8 1
106 332 1
266 282 1
38 364 1
44 285 1
121 262 1
10 219 1
453 326 1
143 16 1
28 218 1
310 130 1
202 252 1
8 169 1
2 258 1
173 377 1
17 232 1
274 269 1
223 364 1
97 65 1
145 145 1
113 119 1
75 145 1
146 341 1
121 38 1
131 345 1
40 206 1
118 163 1
80 163 1
73 364 1
262 126 1
30 253 1
146 364 1
181 54 1
71 236 1
52 149 1
275 50 1
252 147 1
88 86 1
14 257 1
46 321 1
163 92 1
28 61 1
7 120 1
222 374 1
273 328 1
65 224 1
276 50 1
148 92 1
16 266 1
369 93 1
79 282 1
281 145 1
127 332 1
227 271 1
175 330 1
21 262 1
51 364 1
39 97 1
122 298 1
125 236 1
51 304 1
58 328 1
208 50 1
173 253 1
152 24 1
164 219 1
18 50 1
6 328 1
72 374 1
37 254 1
73 147 1
36 271 1
305 328 1
19 378 1
56 377 1
6 377 1
71 241 1
148 69 1
186 145 1
118 314 1
240 239 1
384 120 1
14 60 1
234 253 1
9 147 1
154 342 1
266 163 1
77 67 1
48 126 1
52 304 1
157 257 1
88 262 1
37 108 1
89 262 1
23 232 1
164 119 1
86 253 1
37 378 1
155 253 1
100 8 1
305 218 1
181 269 1
68 359 1
67 190 1
162 317 1
47 59 1
244 328 1
121 101 1
58 63 1
178 357 1
126 38 1
220 50 1
59 59 1
81 310 1
141 50 1
43 120 1
81 119 1
353 253 1
91 66 1
11 163 1
125 370 1
76 304 1
183 163 1
14 135 1
46 282 1
235 59 1
106 145 1
7 180 1
86 326 1
37 63 1
36 302 1
65 212 1
50 50 1
178 59 1
204 132 1
486 364 1
345 93 1
37 370 1
36 377 1
5 253 1
216 302 1
148 364 1
227 282 1
175 307 1
5 353 1
388 126 1
194 369 1
183 279 1
4 353 1
80 8 1
88 215 1
22 255 1
24 219 1
14 176 1
88 346 1
1 252 1
51 61 1
130 236 1
110 126 1
158 32 1
191 323 1
15 377 1
180 126 1
49 6 1
23 341 1
135 185 1
40 328 1
125 65 1
376 253 1
10 145 1
36 328 1
28 147 1
43 6 1
19 33 1
253 328 1
225 59 1
28 307 1
26 216 1
384 126 1
145 59 1
194 82 1
216 65 1
252 320 1
136 59 1
50 377 1
30 304 1
216 50 1
146 304 1
429 217 1
68 262 1
9 126 1
7 345 1
169 61 1
77 63 1
47 36 1
17 304 1
23 53 1
10 327 1
60 244 1
19 206 1
44 6 1
254 377 1
24 50 1
91 119 1
222 253 1
46 50 1
109 120 1
12 307 1
46 247 1
26 328 1
19 159 1
162 33 1
152 253 1
181 147 1
50 92 1
9 253 1
158 304 1
163 120 1
283 126 1
36 161 1
241 236 1
59 349 1
113 330 1
195 253 1
77 163 1
5 219 1
175 204 1
71 244 1
65 312 1
122 34 1
216 163 1
87 50 1
5 282 1
16 301 1
148 241 1
26 310 1
320 59 1
216 323 1
175 339 1
428 376 1
65 304 1
28 290 1
314 236 1
169 366 1
164 304 1
21 304 1
9 343 1
30 306 1
155 328 1
197 44 1
114 65 1
69 17 1
81 36 1
282 53 1
15 206 1
75 163 1
185 326 1
242 304 1
35 6 1
172 59 1
40 65 1
214 281 1
192 369 1
181 159 1
120 374 1
192 238 1
345 61 1
2 97 1
146 61 1
79 53 1
8 205 1
157 262 1
359 252 1
9 296 1
71 290 1
33 260 1
19 141 1
65 295 1
5 261 1
60 240 1
65 252 1
23 163 1
66 8 1
14 357 1
62 8 1
204 232 1
154 279 1
29 329 1
187 240 1
2 163 1
106 38 1
200 63 1
48 370 1
216 269 1
114 11 1
138 276 1
18 364 1
142 24 1
36 241 1
91 282 1
14 224 1
40 240 1
19 145 1
118 120 1
43 269 1
163 159 1
123 63 1
55 163 1
51 328 1
17 187 1
34 6 1
122 11 1
138 262 1
230 360 1
322 59 1
374 356 1
51 307 1
12 212 1
178 50 1
68 38 1
41 253 1
165 63 1
154 341 1
5 59 1
9 159 1
68 355 1
413 262 1
204 131 1
36 93 1
7 145 1
226 50 1
36 364 1
244 252 1
122 257 1
69 24 1
44 323 1
148 147 1
6 229 1
71 377 1
107 159 1
55 167 1
2 63 1
13 364 1
65 320 1
128 50 1
316 290 1
30 65 1
71 260 1
158 154 1
365 323 1
72 65 1
163 61 1
214 370 1
182 123 1
43 92 1
272 253 1
10 380 1
168 186 1
27 119 1
305 163 1
53 171 1
31 50 1
5 193 1
135 11 1
4 238 1
207 50 1
146 236 1
256 92 1
65 119 1
118 219 1
86 240 1
10 348 1
210 50 1
216 285 1
154 50 1
295 304 1
72 54 1
252 375 1
10 236 1
180 93 1
234 198 1
69 11 1
353 63 1
39 282 1
116 11 1
51 221 1
81 145 1
44 271 1
81 50 1
282 159 1
14 246 1
461 276 1
314 92 1
3 332 1
88 59 1
195 147 1
164 253 1
173 163 1
171 252 1
14 237 1
13 245 1
8 93 1
223 59 1
39 182 1
33 135 1
119 247 1
46 95 1
203 307 1
37 257 1
56 59 1
222 107 1
1 269 1
175 53 1
131 105 1
5 108 1
343 219 1
186 240 1
164 68 1
223 378 1
43 307 1
2 378 1
12 272 1
109 50 1
117 191 1
191 53 1
171 59 1
26 145 1
124 59 1
247 59 1
5 2 1
360 290 1
29 236 1
75 244 1
280 306 1
231 253 1
308 279 1
121 236 1
6 171 1
258 190 1
3 68 1
19 282 1
358 65 1
80 161 1
201 147 1
47 356 1
37 304 1
10 173 1
445 304 1
241 63 1
88 50 1
21 236 1
17 339 1
236 100 1
130 254 1
43 260 1
88 377 1
343 236 1
30 321 1
119 281 1
216 370 1
110 50 1
19 112 1
113 321 1
14 240 1
405 153 1
15 275 1
30 356 1
375 93 1
14 49 1
433 364 1
316 59 1
52 41 1
145 269 1
37 237 1
302 59 1
157 236 1
122 50 1
8 28 1
46 176 1
200 282 1
252 93 1
149 145 1
10 123 1
19 281 1
176 253 1
180 243 1
50 347 1
113 59 1
141 88 1
368 336 1
172 364 1
117 253 1
13 249 1
39 257 1
78 261 1
110 262 1
12 107 1
216 217 1
15 111 1
88 332 1
31 126 1
73 377 1
71 219 1
164 307 1
49 50 1
158 145 1
258 227 1
185 302 1
59 63 1
398 145 1
44 198 1
216 241 1
36 216 1
144 252 1
457 261 1
17 59 1
118 349 1
36 63 1
30 61 1
7 253 1
142 50 1
14 323 1
80 253 1
224 236 1
28 260 1
86 50 1
18 31 1
78 328 1
50 340 1
144 253 1
252 145 1
29 216 1
138 93 1
44 35 1
16 69 1
204 113 1
38 377 1
46 319 1
216 364 1
15 328 1
460 336 1
155 171 1
77 380 1
94 63 1
73 219 1
139 217 1
19 104 1
253 304 1
156 353 1
210 93 1
204 190 1
140 296 1
15 169 1
43 218 1
7 59 1
363 90 1
125 211 1
175 123 1
224 120 1
7 268 1
131 93 1
373 93 1
187 59 1
281 340 1
1 210 1
109 321 1
29 252 1
234 163 1
166 34 1
252 319 1
277 50 1
275 239 1
164 44 1
295 236 1
222 282 1
88 341 1
79 36 1
231 360 1
164 50 1
79 65 1
1 339 1
125 61 1
86 291 1
38 286 1
3 304 1
171 270 1
44 48 1
154 59 1
165 53 1
37 126 1
117 307 1
154 193 1
2 11 1
71 252 1
10 347 1
146 281 1
6 310 1
219 174 1
223 328 1
219 326 1
44 119 1
45 50 1
116 356 1
51 346 1
58 377 1
163 261 1
69 61 1
94 126 1
47 41 1
5 121 1
135 340 1
65 50 1
68 190 1
7 328 1
76 236 1
14 380 1
24 270 1
29 6 1
434 364 1
355 63 1
1 174 1
25 93 1
72 119 1
130 375 1
68 53 1
65 269 1
19 198 1
364 307 1
14 14 1
280 53 1
51 282 1
388 181 1
9 282 1
69 33 1
110 253 1
148 353 1
166 93 1
280 253 1
13 302 1
227 372 1
196 314 1
401 145 1
37 59 1
193 59 1
171 290 1
230 53 1
241 163 1
410 163 1
231 145 1
28 241 1
125 262 1
151 24 1
48 285 1
12 317 1
371 93 1
25 63 1
362 325 1
75 54 1
46 214 1
24 236 1
118 92 1
305 323 1
21 16 1
14 6 1
75 180 1
48 265 1
89 8 1
3 32 1
9 321 1
430 217 1
200 347 1
59 191 1
131 11 1
32 370 1
31 53 1
468 328 1
112 185 1
201 145 1
227 171 1
158 180 1
148 145 1
69 236 1
146 93 1
140 107 1
60 65 1
120 15 1
28 11 1
126 98 1
14 192 1
68 307 1
6 271 1
78 299 1
116 315 1
80 36 1
254 59 1
20 4 1
14 285 1
187 326 1
26 50 1
7 163 1
38 227 1
148 177 1
19 11 1
13 59 1
10 163 1
314 163 1
22 145 1
295 382 1
125 71 1
117 63 1
348 217 1
88 219 1
162 281 1
94 377 1
113 253 1
145 216 1
176 123 1
65 370 1
273 236 1
75 167 1
58 59 1
148 290 1
46 219 1
148 282 1
164 46 1
206 50 1
123 291 1
55 210 1
299 59 1
8 56 1
349 93 1
227 69 1
255 345 1
109 370 1
19 171 1
240 63 1
225 236 1
16 6 1
158 364 1
48 307 1
69 174 1
79 217 1
60 237 1
224 261 1
29 145 1
306 137 1
125 309 1
127 33 1
30 54 1
183 262 1
200 93 1
126 191 1
134 173 1
13 297 1
166 171 1
136 159 1
150 58 1
204 240 1
224 282 1
464 304 1
470 328 1
160 207 1
10 282 1
145 54 1
18 61 1
6 59 1
109 219 1
39 159 1
60 8 1
75 290 1
410 253 1
116 198 1
131 59 1
53 364 1
270 213 1
141 236 1
114 328 1
145 219 1
295 282 1
373 130 1
44 50 1
18 143 1
154 353 1
164 269 1
141 142 1
328 253 1
6 43 1
185 59 1
43 40 1
75 8 1
288 328 1
326 63 1
13 240 1
18 11 1
138 304 1
8 3 1
261 364 1
219 67 1
494 377 1
12 205 1
80 310 1
146 65 1
42 237 1
134 262 1
19 253 1
109 236 1
183 38 1
14 95 1
426 239 1
141 59 1
124 353 1
121 296 1
124 362 1
273 304 1
196 163 1
224 262 1
164 186 1
224 163 1
138 210 1
5 135 1
48 93 1
204 50 1
88 304 1
216 321 1
10 328 1
193 232 1
150 364 1
242 63 1
31 364 1
168 38 1
132 345 1
6 260 1
68 313 1
175 59 1
3 1 1
10 6 1
117 50 1
351 63 1
362 252 1
158 260 1
20 59 1
180 355 1
133 11 1
140 93 1
154 227 1
172 51 1
91 8 1
18 38 1
125 95 1
40 52 1
24 33 1
9 252 1
349 364 1
43 252 1
33 6 1
162 364 1
39 82 1
15 29 1
69 145 1
41 63 1
318 252 1
51 216 1
13 328 1
191 130 1
33 53 1
39 169 1
189 38 1
124 282 1
150 111 1
210 236 1
382 150 1
192 364 1
71 59 1
17 4 1
131 361 1
7 119 1
293 377 1
130 116 1
127 11 1
150 266 1
19 51 1
19 99 1
34 119 1
14 154 1
106 236 1
129 328 1
224 216 1
265 150 1
164 53 1
55 248 1
117 72 1
210 307 1
156 241 1
73 171 1
166 377 1
163 247 1
6 219 1
23 252 1
117 119 1
55 8 1
12 229 1
210 120 1
5 227 1
445 328 1
175 341 1
143 63 1
340 59 1
35 307 1
225 237 1
124 41 1
236 349 1
166 281 1
210 240 1
300 59 1
204 261 1
141 328 1
138 241 1
165 218 1
1 54 1
11 355 1
47 376 1
240 236 1
14 12 1
43 145 1
75 166 1
225 147 1
10 269 1
70 232 1
157 304 1
223 63 1
46 378 1
29 169 1
76 63 1
52 120 1
40 120 1
28 255 1
138 253 1
44 9 1
125 349 1
483 364 1
92 44 1
6 323 1
86 219 1
242 145 1
106 11 1
78 377 1
47 243 1
239 290 1
22 374 1
78 216 1
27 328 1
158 51 1
69 142 1
32 50 1
12 126 1
50 217 1
118 186 1
69 262 1
24 92 1
306 145 1
141 253 1
230 364 1
51 377 1
140 92 1
167 330 1
223 307 1
138 59 1
368 92 1
111 239 1
274 50 1
120 216 1
125 320 1
43 216 1
3 93 1
114 262 1
400 219 1
68 236 1
44 123 1
19 63 1
208 63 1
158 219 1
5 202 1
360 145 1
223 304 1
178 253 1
13 311 1
196 376 1
15 65 1
148 180 1
252 61 1
81 219 1
231 147 1
288 377 1
290 63 1
214 364 1
79 220 1
31 236 1
127 178 1
374 93 1
202 147 1
179 36 1
58 6 1
3 126 1
2 147 1
223 281 1
174 206 1
13 362 1
458 261 1
5 232 1
150 264 1
167 159 1
183 236 1
126 63 1
175 320 1
117 61 1
199 147 1
43 248 1
180 50 1
176 252 1
182 230 1
27 147 1
80 187 1
46 296 1
155 50 1
148 61 1
141 34 1
161 349 1
227 107 1
335 97 1
264 364 1
9 236 1
31 302 1
320 348 1
9 219 1
162 191 1
11 59 1
142 364 1
161 32 1
246 65 1
167 107 1
28 244 1
275 93 1
316 184 1
75 216 1
18 313 1
167 65 1
81 236 1
18 169 1
79 11 1
230 92 1
120 123 1
207 61 1
14 38 1
162 44 1
14 90 1
335 59 1
14 116 1
194 59 1
175 219 1
14 127 1
16 332 1
130 147 1
115 178 1
280 61 1
125 328 1
172 93 1
345 271 1
37 236 1
194 283 1
145 16 1
14 53 1
228 366 1
14 290 1
17 142 1
28 377 1
306 333 1
156 147 1
65 11 1
168 198 1
9 377 1
53 61 1
292 328 1
154 310 1
411 163 1
238 290 1
18 93 1
75 266 1
41 185 1
55 318 1
76 50 1
138 12 1
52 286 1
21 282 1
172 282 1
71 145 1
349 323 1
136 171 1
229 50 1
172 50 1
14 58 1
28 35 1
157 93 1
219 93 1
174 253 1
106 292 1
14 364 1
47 249 1
177 217 1
378 101 1
131 206 1
269 50 1
65 15 1
7 247 1
117 11 1
75 59 1
354 63 1
139 15 1
32 307 1
149 126 1
117 171 1
30 130 1
122 253 1
157 38 1
5 229 1
199 364 1
43 65 1
327 252 1
37 6 1
127 173 1
29 321 1
118 93 1
78 114 1
57 93 1
110 236 1
349 356 1
77 119 1
225 252 1
31 61 1
172 304 1
11 356 1
335 282 1
4 236 1
22 169 1
200 307 1
166 53 1
164 232 1
75 240 1
154 108 1
60 248 1
10 90 1
113 328 1
16 26 1
68 61 1
9 107 1
40 330 1
15 310 1
488 364 1
132 252 1
150 271 1
182 236 1
193 364 1
149 28 1
65 260 1
158 167 1
131 304 1
241 59 1
176 119 1
168 140 1
80 26 1
43 270 1
18 282 1
55 216 1
49 353 1
180 63 1
80 304 1
16 29 1
225 377 1
27 142 1
17 236 1
192 147 1
260 50 1
22 192 1
14 185 1
308 142 1
460 326 1
42 159 1
165 308 1
65 103 1
238 50 1
12 253 1
57 307 1
143 345 1
225 285 1
78 147 1
149 82 1
326 253 1
7 219 1
12 31 1
83 155 1
43 374 1
124 204 1
14 216 1
11 182 1
125 175 1
28 341 1
164 110 1
124 307 1
36 59 1
88 271 1
104 8 1
29 69 1
88 13 1
11 236 1
246 59 1
2 6 1
75 304 1
164 247 1
15 266 1
15 161 1
80 236 1
13 356 1
225 328 1
19 262 1
39 164 1
19 224 1
225 145 1
310 163 1
109 281 1
134 252 1
142 145 1
79 314 1
13 378 1
49 159 1
305 159 1
158 210 1
125 11 1
28 270 1
118 295 1
91 364 1
21 216 1
99 8 1
28 318 1
258 341 1
150 216 1
126 345 1
14 13 1
82 59 1
42 59 1
29 377 1
147 59 1
158 241 1
52 50 1
28 380 1
157 65 1
360 159 1
421 252 1
154 240 1
77 282 1
114 370 1
11 126 1
28 282 1
6 220 1
77 61 1
50 236 1
252 217 1
199 145 1
39 304 1
72 364 1
163 353 1
19 118 1
40 222 1
146 126 1
171 53 1
15 50 1
14 108 1
170 139 1
79 353 1
199 53 1
182 217 1
178 61 1
227 232 1
213 50 1
140 253 1
110 304 1
171 120 1
155 36 1
56 328 1
59 269 1
43 328 1
47 236 1
134 11 1
70 149 1
191 147 1
71 212 1
481 364 1
117 236 1
80 260 1
160 65 1
65 53 1
13 3 1
71 245 1
176 93 1
362 239 1
231 50 1
106 290 1
64 8 1
362 236 1
203 323 1
60 169 1
65 167 1
382 120 1
386 123 1
183 145 1
271 349 1
55 355 1
17 310 1
59 253 1
168 69 1
425 364 1
242 124 1
29 93 1
358 253 1
133 272 1
65 69 1
204 307 1
28 378 1
14 107 1
208 92 1
8 253 1
77 50 1
141 119 1
128 236 1
38 6 1
349 236 1
141 269 1
77 377 1
292 377 1
71 222 1
212 336 1
71 32 1
18 4 1
219 86 1
95 210 1
15 281 1
228 50 1
13 163 1
192 370 1
175 302 1
273 240 1
357 236 1
28 248 1
224 50 1
13 317 1
12 328 1
199 63 1
9 226 1
143 370 1
6 307 1
171 145 1
69 253 1
227 59 1
260 239 1
141 366 1
75 376 1
7 314 1
22 92 1
43 167 1
46 231 1
308 66 1
331 163 1
20 271 1
20 274 1
230 323 1
18 149 1
123 59 1
52 307 1
52 63 1
346 219 1
148 44 1
46 304 1
27 323 1
216 299 1
325 304 1
7 282 1
125 219 1
79 310 1
138 63 1
325 92 1
39 50 1
225 375 1
117 257 1
180 65 1
17 61 1
15 171 1
150 206 1
258 364 1
163 281 1
169 262 1
157 92 1
77 59 1
290 54 1
175 36 1
34 279 1
15 61 1
19 244 1
7 159 1
89 366 1
92 364 1
191 163 1
28 212 1
59 370 1
18 377 1
43 236 1
88 92 1
17 307 1
268 282 1
69 216 1
330 59 1
25 59 1
21 364 1
36 50 1
59 236 1
313 59 1
12 65 1
42 65 1
227 323 1
81 171 1
56 375 1
143 206 1
60 364 1
143 252 1
157 299 1
24 105 1
118 50 1
293 328 1
70 38 1
135 163 1
364 92 1
158 40 1
169 65 1
106 50 1
287 328 1
447 239 1
79 147 1
71 216 1
7 364 1
138 67 1
106 353 1
268 120 1
43 53 1
140 204 1
158 166 1
44 253 1
227 236 1
65 221 1
148 50 1
23 307 1
24 68 1
238 210 1
16 186 1
119 268 1
13 61 1
29 50 1
197 59 1
35 119 1
144 328 1
5 255 1
49 364 1
225 93 1
203 236 1
364 328 1
227 364 1
264 150 1
5 321 1
152 190 1
51 370 1
43 180 1
89 97 1
46 285 1
243 50 1
231 53 1
109 63 1
28 210 1
341 239 1
326 59 1
31 307 1
29 364 1
30 180 1
123 163 1
14 264 1
225 63 1
237 59 1
253 253 1
14 28 1
72 282 1
158 380 1
7 50 1
28 8 1
319 285 1
41 287 1
76 80 1
273 232 1
50 206 1
51 163 1
143 123 1
117 92 1
104 364 1
28 50 1
8 164 1
42 378 1
118 317 1
29 38 1
175 92 1
240 318 1
392 126 1
5 216 1
73 294 1
15 69 1
11 178 1
19 138 1
9 93 1
109 9 1
14 261 1
157 54 1
320 207 1
4 95 1
108 8 1
29 34 1
140 59 1
110 364 1
13 231 1
11 240 1
85 8 1
55 51 1
219 210 1
163 304 1
5 26 1
316 304 1
240 50 1
346 93 1
29 341 1
413 253 1
344 61 1
165 290 1
11 8 1
7 362 1
12 216 1
176 219 1
57 364 1
1 253 1
75 212 1
51 65 1
196 61 1
88 63 1
110 82 1
33 307 1
11 219 1
19 180 1
54 304 1
434 341 1
38 41 1
46 71 1
22 340 1
94 145 1
157 302 1
165 370 1
485 364 1
138 66 1
14 152 1
29 147 1
110 227 1
140 377 1
360 65 1
343 282 1
34 61 1
114 10 1
160 265 1
77 328 1
141 93 1
4 59 1
224 241 1
71 180 1
53 345 1
11 3 1
474 336 1
11 340 1
425 210 1
55 252 1
79 253 1
2 61 1
79 232 1
165 304 1
32 253 1
65 302 1
65 65 1
227 353 1
254 50 1
18 191 1
18 96 1
119 341 1
75 236 1
124 328 1
287 63 1
315 252 1
402 147 1
148 49 1
178 369 1
7 186 1
146 120 1
6 123 1
30 53 1
119 317 1
412 324 1
184 302 1
33 108 1
3 163 1
19 370 1
21 255 1
222 206 1
123 93 1
14 293 1
13 6 1
125 93 1
38 149 1
93 8 1
8 328 1
48 328 1
334 59 1
40 63 1
17 264 1
162 255 1
52 140 1
8 120 1
172 236 1
176 279 1
105 63 1
116 59 1
308 186 1
271 59 1
312 59 1
19 35 1
127 262 1
158 373 1
38 326 1
230 304 1
154 241 1
140 216 1
110 307 1
244 364 1
24 364 1
12 269 1
201 59 1
109 332 1
19 6 1
45 304 1
65 219 1
365 239 1
213 310 1
19 133 1
30 323 1
126 50 1
178 145 1
29 314 1
173 171 1
40 59 1
381 119 1
13 50 1
109 159 1
19 186 1
93 304 1
125 123 1
158 63 1
121 271 1
9 120 1
23 132 1
203 93 1
47 123 1
290 377 1
123 377 1
194 169 1
28 328 1
124 377 1
120 54 1
225 364 1
52 163 1
24 380 1
81 328 1
244 50 1
19 89 1
75 237 1
280 377 1
14 198 1
36 253 1
5 92 1
55 126 1
17 240 1
71 282 1
68 370 1
315 59 1
252 142 1
16 328 1
34 50 1
48 304 1
142 304 1
68 35 1
160 63 1
433 253 1
298 59 1
157 59 1
146 232 1
2 381 1
47 307 1
32 92 1
59 247 1
106 253 1
46 53 1
57 38 1
79 26 1
11 63 1
12 32 1
163 253 1
200 240 1
14 65 1
44 126 1
50 355 1
42 257 1
78 257 1
405 345 1
88 132 1
19 105 1
11 174 1
14 59 1
46 253 1
164 262 1
264 59 1
154 119 1
193 169 1
93 270 1
149 50 1
28 302 1
121 179 1
3 159 1
17 323 1
12 282 1
91 54 1
6 237 1
125 253 1
223 282 1
70 8 1
31 377 1
336 239 1
88 328 1
272 50 1
76 93 1
15 342 1
162 59 1
71 304 1
271 239 1
172 191 1
168 236 1
179 150 1
155 61 1
171 220 1
24 11 1
148 63 1
225 343 1
454 343 1
22 97 1
210 61 1
141 290 1
72 59 1
18 240 1
30 339 1
53 92 1
401 376 1
17 65 1
181 59 1
77 126 1
164 59 1
227 65 1
91 279 1
194 328 1
125 50 1
46 122 1
117 59 1
113 282 1
28 364 1
140 364 1
19 299 1
125 319 1
119 349 1
219 119 1
14 330 1
77 162 1
35 93 1
55 377 1
138 328 1
84 261 1
11 319 1
51 63 1
291 377 1
18 236 1
35 231 1
136 375 1
293 63 1
223 370 1
247 307 1
175 163 1
153 336 1
478 364 1
241 239 1
34 12 1
166 253 1
130 34 1
467 328 1
125 176 1
10 189 1
17 378 1
165 253 1
12 159 1
38 97 1
144 145 1
88 95 1
176 36 1
125 216 1
122 282 1
113 63 1
204 184 1
216 95 1
462 282 1
227 180 1
2 76 1
227 260 1
29 65 1
114 126 1
224 364 1
227 377 1
219 63 1
43 185 1
40 307 1
48 121 1
339 260 1
127 93 1
216 260 1
284 54 1
163 282 1
7 126 1
155 353 1
91 61 1
59 239 1
125 44 1
24 271 1
68 304 1
11 169 1
12 245 1
278 65 1
81 59 1
101 8 1
294 54 1
172 370 1
249 50 1
298 282 1
362 198 1
125 364 1
44 93 1
16 4 1
162 159 1
28 296 1
403 364 1
56 207 1
65 92 1
55 260 1
19 65 1
229 345 1
135 219 1
88 210 1
29 227 1
120 255 1
14 64 1
117 291 1
156 253 1
119 307 1
217 343 1
71 341 1
16 66 1
23 304 1
19 376 1
109 65 1
10 44 1
175 239 1
52 237 1
73 307 1
182 163 1
131 378 1
130 310 1
163 119 1
11 93 1
28 54 1
437 262 1
214 50 1
230 50 1
210 285 1
164 65 1
15 366 1
177 93 1
158 235 1
38 10 1
19 323 1
88 269 1
263 150 1
140 307 1
43 290 1
70 246 1
155 65 1
81 63 1
79 93 1
445 377 1
298 336 1
28 166 1
2 93 1
3 59 1
219 310 1
86 325 1
176 50 1
19 313 1
172 302 1
367 364 1
55 285 1
357 147 1
50 147 1
109 304 1
117 33 1
270 253 1
22 253 1
31 327 1
14 61 1
30 50 1
19 261 1
65 321 1
73 145 1
434 227 1
216 59 1
10 53 1
325 263 1
130 262 1
154 105 1
44 59 1
132 59 1
71 50 1
88 321 1
123 147 1
34 253 1
55 63 1
362 82 1
219 50 1
93 84 1
138 236 1
146 156 1
366 92 1
319 65 1
15 264 1
149 219 1
68 145 1
19 185 1
84 236 1
14 26 1
14 302 1
33 113 1
94 252 1
28 145 1
29 159 1
5 376 1
43 282 1
88 279 1
38 282 1
130 282 1
46 35 1
204 63 1
31 315 1
68 147 1
11 330 1
38 164 1
46 262 1
169 50 1
343 126 1
10 147 1
230 147 1
28 6 1
30 59 1
280 56 1
118 123 1
47 126 1
5 271 1
69 328 1
114 61 1
125 282 1
120 313 1
88 145 1
65 327 1
49 236 1
68 159 1
46 370 1
14 209 1
83 50 1
46 309 1
14 119 1
37 227 1
33 59 1
42 61 1
138 173 1
36 11 1
106 93 1
190 217 1
78 119 1
331 150 1
106 377 1
1 240 1
364 145 1
162 50 1
347 61 1
81 307 1
76 8 1
17 377 1
6 288 1
222 345 1
184 153 1
13 171 1
14 296 1
21 93 1
39 239 1
311 253 1
134 364 1
79 8 1
349 120 1
44 145 1
75 341 1
79 171 1
345 119 1
22 34 1
31 6 1
175 120 1
59 8 1
345 307 1
84 169 1
138 332 1
495 378 1
42 119 1
1 92 1
281 128 1
11 347 1
9 241 1
56 364 1
328 59 1
120 207 1
118 247 1
42 126 1
71 65 1
78 98 1
31 56 1
118 236 1
120 373 1
150 50 1
65 237 1
190 281 1
230 370 1
168 53 1
128 102 1
189 227 1
8 82 1
331 59 1
84 93 1
290 328 1
238 123 1
29 59 1
42 180 1
182 38 1
173 239 1
48 6 1
109 377 1
22 364 1
43 253 1
178 356 1
241 253 1
5 16 1
72 50 1
219 59 1
13 365 1
199 50 1
311 59 1
193 40 1
125 227 1
113 159 1
340 185 1
123 145 1
5 191 1
413 169 1
24 198 1
10 262 1
182 61 1
193 163 1
28 216 1
68 216 1
252 364 1
18 239 1
200 206 1
14 338 1
110 61 1
35 378 1
314 328 1
130 364 1
140 328 1
18 241 1
12 297 1
323 239 1
15 26 1
47 330 1
34 38 1
8 159 1
22 59 1
14 282 1
26 253 1
34 123 1
46 227 1
161 92 1
21 307 1
5 163 1
28 374 1
60 121 1
120 282 1
180 285 1
24 142 1
40 219 1
126 205 1
308 163 1
3 271 1
221 59 1
217 304 1
147 219 1
456 336 1
160 382 1
34 364 1
11 239 1
216 221 1
158 290 1
19 68 1
78 253 1
120 38 1
55 166 1
178 304 1
51 6 1
155 63 1
25 50 1
210 252 1
37 307 1
87 378 1
156 313 1
14 304 1
110 241 1
185 181 1
49 19 1
165 281 1
71 240 1
38 63 1
251 50 1
91 377 1
8 370 1
124 272 1
50 237 1
308 69 1
219 377 1
11 282 1
280 50 1
221 120 1
118 328 1
117 323 1
81 255 1
18 182 1
10 185 1
390 252 1
169 255 1
382 163 1
40 260 1
313 370 1
113 290 1
204 172 1
131 142 1
235 100 1
255 50 1
425 328 1
110 328 1
55 245 1
9 35 1
69 307 1
17 50 1
58 260 1
172 35 1
12 50 1
201 222 1
36 276 1
178 236 1
227 206 1
79 92 1
9 307 1
18 178 1
280 119 1
484 364 1
291 328 1
437 364 1
32 282 1
456 260 1
2 236 1
13 131 1
199 253 1
24 307 1
120 347 1
6 202 1
109 364 1
94 50 1
46 142 1
51 279 1
190 282 1
39 253 1
85 279 1
479 364 1
49 147 1
390 126 1
265 163 1
447 364 1
75 222 1
400 370 1
10 302 1
175 235 1
227 307 1
364 344 1
156 235 1
315 285 1
36 28 1
21 353 1
216 240 1
224 92 1
27 59 1
117 232 1
12 169 1
12 38 1
98 8 1
175 363 1
44 377 1
276 65 1
14 3 1
15 185 1
19 192 1
9 210 1
385 120 1
69 163 1
168 37 1
22 252 1
14 275 1
196 120 1
239 93 1
23 93 1
26 19 1
59 159 1
6 355 1
29 328 1
19 377 1
118 64 1
132 11 1
166 285 1
15 59 1
154 345 1
222 65 1
465 307 1
72 147 1
296 261 1
124 130 1
272 93 1
18 63 1
225 219 1
372 253 1
196 40 1
240 253 1
164 349 1
43 50 1
193 173 1
17 369 1
383 120 1
14 68 1
138 163 1
16 236 1
28 185 1
247 50 1
16 302 1
295 147 1
166 76 1
56 38 1
126 306 1
225 50 1
75 241 1
110 69 1
15 159 1
186 252 1
119 236 1
328 324 1
94 328 1
40 252 1
43 373 1
25 364 1
28 93 1
83 239 1
247 63 1
200 377 1
56 302 1
45 147 1
47 65 1
18 370 1
2 257 1
111 9 1
162 349 1
90 364 1
358 123 1
47 232 1
489 372 1
169 364 1
151 120 1
49 63 1
23 147 1
219 370 1
150 353 1
32 328 1
56 93 1
18 105 1
39 53 1
21 6 1
79 262 1
10 290 1
21 323 1
12 59 1
23 271 1
136 341 1
88 216 1
295 59 1
175 236 1
180 38 1
112 58 1
33 341 1
110 182 1
30 119 1
126 69 1
223 92 1
322 65 1
273 239 1
77 364 1
18 65 1
60 59 1
175 358 1
455 253 1
109 307 1
39 142 1
35 120 1
10 11 1
26 262 1
146 255 1
38 236 1
158 163 1
234 63 1
44 262 1
1 336 1
214 328 1
130 93 1
65 216 1
278 50 1
39 328 1
176 126 1
17 332 1
60 365 1
227 216 1
181 38 1
4 239 1
77 378 1
262 150 1
116 107 1
19 222 1
439 237 1
222 304 1
71 167 1
384 269 1
56 147 1
343 328 1
30 6 1
117 282 1
204 364 1
267 163 1
18 378 1
144 284 1
279 50 1
273 92 1
146 346 1
39 163 1
150 63 1
52 364 1
122 290 1
329 59 1
23 92 1
118 281 1
239 364 1
216 61 1
149 163 1
14 347 1
405 370 1
1 59 1
195 40 1
14 136 1
125 59 1
109 61 1
225 144 1
117 93 1
79 236 1
58 120 1
349 377 1
55 328 1
138 227 1
128 345 1
204 169 1
119 63 1
373 281 1
158 93 1
304 59 1
175 142 1
13 63 1
45 63 1
349 126 1
24 282 1
117 163 1
38 9 1
149 328 1
15 119 1
110 338 1
305 126 1
43 245 1
19 243 1
154 120 1
54 120 1
286 328 1
318 262 1
106 378 1
47 163 1
343 247 1
162 119 1
106 40 1
204 225 1
253 50 1
51 50 1
36 371 1
189 93 1
121 163 1
14 377 1
18 219 1
75 51 1
255 262 1
109 126 1
9 145 1
448 239 1
119 124 1
6 241 1
121 32 1
204 370 1
155 304 1
18 32 1
293 54 1
46 92 1
446 239 1
136 261 1
69 65 1
135 376 1
35 11 1
258 331 0
477 297 0
34 11 0
245 248 0
11 42 0
421 295 0
161 46 0
360 181 0
4 153 0
197 188 0
74 30 0
110 57 0
426 292 0
252 29 0
195 157 0
6 36 0
147 214 0
415 1 0
257 132 0
39 105 0
235 171 0
459 123 0
400 15 0
310 316 0
214 211 0
30 268 0
314 38 0
47 289 0
415 225 0
406 182 0
264 103 0
247 172 0
373 22 0
323 278 0
176 47 0
353 364 0
456 350 0
259 340 0
417 58 0
168 148 0
380 81 0
420 175 0
147 187 0
36 332 0
66 369 0
139 31 0
205 52 0
67 41 0
490 333 0
287 73 0
316 66 0
102 142 0
446 62 0
394 247 0
404 125 0
40 350 0
345 176 0
174 129 0
177 311 0
105 235 0
117 174 0
255 49 0
450 229 0
164 109 0
155 159 0
319 179 0
24 152 0
242 156 0
494 173 0
461 64 0
274 48 0
362 119 0
53 288 0
220 344 0
266 35 0
169 112 0
298 313 0
73 241 0
153 102 0
373 55 0
125 153 0
69 336 0
6 238 0
429 160 0
220 204 0
274 224 0
81 217 0
405 132 0
264 123 0
204 341 0
387 368 0
60 258 0
221 368 0
365 367 0
323 91 0
185 8 0
72 132 0
438 170 0
121 28 0
409 334 0
15 338 0
0 123 0
400 123 0
87 26 0
429 16 0
89 233 0
69 73 0
441 346 0
58 94 0
276 53 0
240 153 0
180 165 0
250 345 0
186 329 0
451 95 0
414 248 0
429 314 0
449 152 0
141 380 0
69 258 0
13 127 0
26 334 0
192 270 0
105 236 0
108 221 0
115 274 0
431 371 0
487 338 0
291 219 0
112 313 0
316 69 0
312 152 0
45 342 0
16 157 0
207 336 0
272 176 0
404 318 0
410 150 0
132 8 0
265 15 0
192 124 0
487 316 0
314 107 0
442 283 0
210 24 0
267 216 0
23 42 0
491 374 0
376 240 0
61 71 0
241 204 0
360 242 0
440 30 0
331 253 0
219 325 0
252 197 0
355 345 0
295 113 0
374 240 0
198 29 0
407 270 0
62 346 0
58 127 0
139 340 0
184 100 0
76 344 0
8 155 0
180 54 0
452 197 0
474 34 0
308 48 0
244 64 0
385 250 0
381 122 0
334 275 0
357 323 0
226 51 0
335 370 0
9 9 0
307 381 0
114 158 0
233 219 0
187 89 0
322 226 0
184 187 0
227 41 0
168 249 0
82 259 0
191 305 0
239 189 0
57 154 0
294 123 0
258 354 0
149 81 0
111 369 0
401 241 0
272 233 0
390 275 0
325 246 0
361 83 0
135 302 0
35 278 0
217 306 0
430 70 0
136 36 0
206 357 0
247 241 0
179 228 0
35 121 0
343 304 0
37 102 0
451 220 0
380 76 0
46 363 0
178 341 0
13 224 0
95 382 0
303 285 0
473 340 0
479 78 0
189 36 0
141 171 0
118 95 0
208 233 0
198 199 0
212 282 0
148 85 0
282 11 0
288 188 0
423 31 0
400 10 0
362 202 0
393 356 0
42 256 0
122 72 0
376 369 0
280 355 0
200 274 0
322 85 0
45 249 0
59 352 0
230 177 0
355 14 0
127 348 0
378 55 0
370 382 0
288 205 0
272 104 0
167 217 0
167 77 0
144 49 0
435 300 0
160 116 0
219 273 0
76 172 0
57 325 0
289 149 0
173 225 0
470 189 0
366 334 0
37 297 0
276 134 0
331 42 0
181 370 0
344 144 0
470 375 0
126 149 0
482 239 0
133 274 0
286 118 0
47 329 0
184 59 0
463 187 0
227 214 0
92 117 0
451 373 0
269 367 0
148 37 0
4 123 0
216 122 0
367 251 0
416 74 0
467 129 0
294 75 0
470 222 0
156 142 0
387 105 0
207 26 0
444 331 0
383 170 0
63 229 0
25 310 0
47 49 0
302 335 0
74 230 0
60 341 0
171 87 0
378 287 0
374 198 0
19 311 0
463 44 0
404 294 0
173 371 0
465 25 0
421 80 0
24 185 0
487 129 0
31 183 0
105 378 0
313 169 0
446 28 0
413 162 0
35 107 0
424 181 0
235 89 0
125 138 0
150 85 0
379 254 0
66 25 0
279 150 0
348 353 0
164 91 0
359 131 0
307 90 0
295 34 0
3 318 0
226 274 0
423 370 0
44 212 0
259 246 0
416 322 0
215 9 0
76 221 0
294 128 0
486 288 0
347 281 0
61 41 0
101 367 0
81 144 0
438 244 0
236 287 0
269 42 0
415 101 0
206 214 0
294 311 0
15 135 0
114 200 0
206 331 0
399 320 0
443 298 0
397 352 0
316 376 0
29 57 0
198 322 0
449 28 0
264 142 0
205 150 0
128 29 0
260 107 0
125 155 0
308 257 0
402 128 0
64 76 0
263 363 0
0 95 0
384 14 0
419 367 0
330 99 0
278 34 0
443 131 0
118 252 0
415 174 0
239 238 0
101 97 0
444 91 0
339 184 0
227 220 0
298 145 0
296 249 0
331 60 0
256 188 0
161 195 0
153 260 0
241 106 0
50 258 0
214 324 0
392 104 0
467 177 0
367 30 0
66 170 0
128 357 0
251 299 0
1 143 0
41 248 0
198 362 0
359 347 0
371 248 0
170 86 0
138 6 0
97 132 0
236 39 0
178 192 0
415 363 0
331 371 0
372 135 0
248 278 0
437 199 0
63 73 0
247 72 0
147 364 0
159 360 0
75 324 0
201 192 0
212 314 0
419 27 0
474 357 0
205 193 0
1 319 0
467 141 0
486 42 0
25 157 0
441 379 0
122 357 0
351 64 0
109 177 0
340 50 0
81 112 0
333 162 0
45 200 0
124 267 0
92 16 0
88 260 0
347 266 0
416 152 0
402 148 0
258 277 0
72 104 0
257 183 0
382 346 0
377 141 0
453 334 0
291 364 0
160 96 0
431 202 0
60 360 0
55 158 0
407 305 0
174 224 0
129 336 0
78 228 0
327 176 0
169 96 0
377 105 0
362 227 0
192 175 0
240 210 0
470 164 0
434 156 0
237 88 0
347 206 0
392 90 0
466 128 0
241 146 0
284 236 0
215 371 0
303 165 0
125 217 0
487 314 0
267 292 0
299 293 0
115 52 0
335 296 0
216 80 0
319 40 0
46 172 0
361 272 0
305 28 0
317 372 0
311 251 0
112 134 0
295 125 0
276 335 0
23 277 0
394 147 0
202 190 0
205 337 0
200 113 0
377 106 0
277 40 0
396 181 0
76 33 0
484 235 0
18 18 0
429 275 0
429 240 0
366 31 0
419 245 0
15 36 0
400 177 0
272 154 0
270 2 0
66 60 0
320 225 0
351 102 0
458 247 0
335 242 0
268 12 0
393 233 0
376 120 0
255 72 0
66 207 0
474 131 0
256 375 0
259 34 0
373 308 0
69 170 0
491 271 0
142 344 0
0 94 0
131 298 0
436 130 0
377 40 0
371 281 0
281 180 0
92 12 0
423 73 0
351 323 0
271 11 0
12 376 0
9 228 0
230 343 0
209 330 0
129 118 0
369 375 0
42 110 0
275 158 0
54 221 0
207 236 0
462 244 0
332 61 0
214 218 0
264 345 0
46 73 0
317 105 0
150 14 0
246 74 0
302 248 0
137 127 0
200 26 0
423 26 0
95 374 0
274 80 0
447 326 0
220 205 0
491 317 0
384 171 0
23 329 0
336 177 0
165 134 0
283 117 0
54 373 0
269 20 0
181 188 0
2 198 0
313 161 0
381 7 0
443 68 0
325 193 0
46 209 0
295 224 0
408 59 0
444 44 0
308 216 0
125 281 0
399 23 0
296 103 0
9 101 0
72 127 0
283 229 0
227 168 0
424 381 0
28 4 0
118 221 0
400 378 0
315 9 0
284 87 0
144 361 0
180 183 0
439 311 0
207 114 0
299 323 0
257 360 0
284 198 0
380 313 0
422 157 0
352 138 0
361 130 0
477 223 0
124 190 0
58 296 0
281 280 0
194 257 0
8 53 0
306 228 0
459 132 0
92 74 0
337 82 0
258 215 0
316 141 0
422 132 0
15 70 0
396 215 0
77 201 0
202 331 0
69 4 0
227 35 0
66 88 0
353 299 0
227 313 0
163 147 0
463 5 0
206 64 0
7 162 0
295 122 0
26 300 0
183 174 0
470 66 0
428 162 0
228 119 0
409 344 0
249 248 0
51 229 0
406 346 0
66 241 0
305 379 0
278 199 0
115 245 0
371 242 0
384 290 0
342 317 0
395 127 0
111 23 0
317 167 0
24 108 0
441 336 0
356 202 0
425 122 0
241 367 0
229 224 0
341 280 0
162 28 0
18 21 0
303 349 0
359 58 0
68 369 0
292 311 0
192 35 0
228 25 0
268 33 0
361 168 0
405 189 0
306 264 0
172 207 0
128 321 0
1 124 0
356 185 0
184 214 0
81 1 0
97 165 0
274 129 0
307 146 0
106 344 0
90 20 0
351 146 0
412 83 0
244 382 0
178 64 0
31 316 0
162 210 0
331 198 0
83 97 0
85 74 0
82 4 0
441 135 0
253 118 0
149 13 0
400 256 0
199 238 0
383 87 0
336 267 0
430 264 0
162 21 0
189 20 0
494 140 0
429 253 0
285 185 0
389 343 0
427 183 0
481 161 0
262 245 0
297 373 0
285 38 0
145 86 0
433 310 0
258 257 0
132 24 0
138 186 0
489 323 0
251 230 0
216 262 0
76 44 0
124 65 0
269 233 0
269 91 0
36 375 0
231 240 0
128 178 0
139 20 0
212 219 0
39 235 0
20 166 0
493 137 0
310 60 0
83 110 0
181 138 0
86 346 0
142 41 0
471 107 0
314 103 0
467 24 0
384 211 0
136 60 0
98 347 0
257 40 0
193 293 0
432 296 0
198 169 0
428 53 0
164 62 0
250 116 0
428 95 0
92 206 0
8 66 0
253 320 0
12 54 0
74 170 0
96 190 0
426 83 0
433 82 0
30 137 0
261 263 0
2 304 0
100 245 0
308 313 0
354 284 0
446 303 0
149 9 0
199 168 0
466 146 0
267 202 0
193 330 0
142 181 0
182 310 0
211 1 0
119 96 0
467 48 0
109 291 0
168 312 0
211 92 0
368 58 0
166 232 0
343 206 0
441 373 0
109 271 0
169 293 0
461 330 0
175 129 0
228 253 0
232 290 0
124 158 0
351 136 0
66 224 0
33 73 0
38 244 0
82 30 0
27 37 0
367 51 0
73 84 0
355 232 0
147 353 0
126 78 0
119 326 0
297 274 0
320 186 0
180 297 0
338 380 0
249 63 0
396 202 0
173 261 0
215 97 0
63 342 0
219 194 0
36 15 0
456 44 0
234 316 0
230 187 0
26 178 0
83 285 0
52 332 0
147 208 0
372 164 0
303 60 0
428 367 0
493 312 0
140 196 0
494 141 0
112 135 0
331 260 0
28 243 0
379 299 0
78 80 0
201 165 0
413 319 0
127 366 0
60 203 0
290 209 0
258 66 0
61 205 0
5 185 0
146 168 0
90 174 0
418 195 0
285 370 0
188 6 0
217 248 0
123 127 0
203 16 0
196 80 0
372 1 0
17 315 0
481 294 0
4 111 0
110 296 0
493 316 0
410 332 0
187 296 0
151 195 0
18 47 0
321 153 0
157 8 0
212 344 0
332 86 0
260 279 0
460 171 0
464 209 0
346 216 0
272 190 0
127 269 0
81 52 0
369 233 0
256 32 0
294 211 0
119 86 0
487 119 0
468 14 0
253 194 0
155 362 0
160 351 0
152 109 0
41 184 0
360 185 0
112 120 0
143 188 0
104 23 0
157 39 0
14 8 0
285 256 0
422 7 0
104 83 0
253 109 0
428 67 0
339 367 0
42 220 0
92 325 0
348 98 0
259 40 0
449 185 0
224 168 0
300 161 0
167 289 0
330 63 0
275 206 0
172 97 0
377 354 0
134 87 0
443 192 0
10 132 0
326 75 0
352 181 0
35 308 0
115 244 0
217 118 0
58 25 0
197 87 0
120 81 0
92 152 0
229 287 0
201 258 0
400 234 0
26 272 0
136 204 0
413 363 0
451 69 0
311 343 0
143 155 0
343 326 0
188 231 0
234 39 0
176 217 0
430 164 0
262 188 0
300 8 0
466 360 0
71 162 0
280 134 0
347 358 0
70 102 0
143 271 0
57 103 0
213 204 0
285 103 0
435 158 0
57 196 0
82 146 0
70 90 0
92 373 0
153 171 0
357 268 0
219 204 0
147 366 0
233 100 0
115 336 0
427 280 0
17 76 0
62 49 0
345 70 0
130 100 0
494 263 0
94 299 0
102 253 0
457 314 0
408 238 0
241 6 0
274 11 0
225 162 0
190 34 0
480 280 0
187 83 0
329 283 0
323 106 0
426 328 0
486 276 0
316 176 0
116 292 0
72 211 0
396 204 0
109 43 0
50 80 0
256 179 0
30 214 0
27 136 0
20 74 0
209 264 0
377 366 0
132 110 0
8 361 0
481 72 0
137 230 0
201 298 0
242 380 0
423 315 0
259 128 0
352 273 0
268 376 0
138 274 0
172 80 0
294 147 0
315 155 0
372 16 0
236 351 0
66 152 0
42 18 0
460 161 0
179 278 0
31 354 0
26 198 0
223 267 0
311 235 0
478 119 0
477 325 0
121 310 0
96 232 0
80 221 0
425 336 0
295 284 0
362 175 0
468 137 0
38 206 0
166 13 0
380 191 0
424 343 0
268 183 0
19 155 0
21 223 0
130 340 0
201 126 0
170 263 0
251 220 0
442 333 0
491 113 0
303 334 0
34 158 0
139 229 0
268 299 0
220 293 0
23 168 0
192 91 0
484 133 0
116 137 0
112 147 0
290 28 0
147 184 0
249 88 0
251 344 0
83 225 0
493 177 0
204 5 0
90 290 0
170 150 0
0 304 0
353 47 0
436 207 0
434 226 0
490 331 0
429 290 0
218 121 0
464 103 0
92 180 0
157 100 0
344 161 0
223 339 0
423 373 0
89 321 0
390 356 0
433 190 0
0 39 0
317 135 0
334 353 0
22 343 0
385 173 0
284 48 0
421 297 0
485 276 0
427 204 0
198 263 0
203 22 0
255 101 0
492 174 0
204 144 0
395 4 0
37 251 0
362 91 0
270 381 0
456 121 0
94 127 0
176 89 0
369 266 0
231 350 0
109 276 0
108 14 0
172 99 0
114 208 0
299 345 0
393 242 0
57 282 0
398 154 0
375 186 0
375 179 0
136 241 0
203 295 0
254 305 0
358 49 0
135 26 0
452 194 0
295 306 0
245 291 0
331 375 0
15 349 0
358 379 0
84 5 0
96 279 0
374 361 0
277 295 0
145 170 0
269 36 0
207 79 0
429 178 0
359 237 0
146 174 0
398 334 0
439 342 0
434 308 0
216 24 0
144 138 0
391 189 0
119 224 0
89 138 0
34 315 0
37 209 0
289 293 0
324 62 0
485 240 0
127 341 0
241 153 0
24 175 0
424 50 0
257 71 0
391 135 0
184 224 0
382 360 0
461 139 0
119 20 0
414 118 0
93 12 0
5 298 0
401 22 0
311 103 0
413 294 0
438 37 0
472 284 0
48 311 0
316 215 0
114 279 0
50 29 0
153 129 0
89 82 0
335 124 0
350 293 0
290 212 0
146 309 0
95 312 0
282 288 0
126 117 0
491 213 0
72 87 0
470 131 0
145 102 0
483 89 0
92 274 0
121 37 0
304 277 0
341 171 0
140 333 0
370 268 0
182 262 0
110 266 0
26 177 0
242 47 0
394 39 0
325 133 0
280 76 0
210 153 0
159 268 0
452 255 0
183 199 0
138 217 0
431 182 0
479 302 0
330 361 0
245 365 0
119 199 0
318 144 0
335 147 0
383 153 0
18 110 0
192 3 0
380 192 0
35 104 0
47 127 0
199 92 0
185 327 0
274 123 0
60 11 0
13 72 0
65 338 0
385 324 0
177 110 0
40 376 0
120 185 0
211 294 0
81 173 0
160 20 0
423 340 0
121 76 0
229 342 0
310 176 0
11 291 0
47 5 0
303 48 0
123 38 0
242 68 0
44 26 0
312 168 0
364 228 0
262 156 0
127 13 0
404 74 0
409 265 0
364 250 0
299 280 0
206 295 0
426 170 0
221 301 0
137 24 0
347 255 0
279 180 0
196 290 0
140 55 0
143 291 0
400 349 0
146 308 0
340 131 0
126 271 0
75 329 0
117 183 0
369 150 0
291 196 0
52 324 0
206 376 0
290 206 0
85 125 0
453 299 0
252 31 0
90 217 0
394 153 0
410 371 0
222 363 0
127 321 0
402 220 0
177 179 0
35 88 0
375 45 0
35 31 0
131 162 0
206 130 0
92 166 0
429 166 0
481 20 0
259 134 0
494 33 0
427 260 0
82 204 0
305 359 0
232 371 0
67 104 0
436 157 0
73 162 0
118 291 0
470 299 0
296 285 0
294 31 0
109 40 0
318 259 0
437 252 0
410 272 0
358 258 0
345 335 0
250 113 0
369 91 0
339 76 0
357 280 0
409 171 0
368 372 0
150 194 0
421 76 0
393 223 0
416 243 0
178 352 0
49 345 0
64 267 0
481 358 0
465 329 0
258 91 0
230 292 0
72 354 0
350 81 0
69 148 0
306 331 0
7 192 0
169 207 0
29 331 0
462 96 0
104 57 0
94 144 0
79 121 0
24 214 0
379 25 0
299 215 0
37 327 0
184 348 0
340 19 0
166 40 0
306 192 0
403 377 0
58 140 0
177 309 0
384 59 0
415 298 0
247 178 0
183 130 0
481 154 0
477 247 0
445 146 0
139 163 0
291 319 0
79 357 0
21 213 0
189 248 0
29 253 0
412 92 0
354 22 0
276 350 0
96 377 0
78 283 0
435 30 0
161 41 0
220 211 0
383 324 0
209 158 0
50 37 0
367 179 0
227 33 0
159 131 0
421 174 0
274 307 0
377 57 0
354 268 0
402 315 0
49 369 0
228 116 0
67 256 0
298 379 0
2 276 0
402 78 0
474 22 0
472 119 0
394 193 0
406 92 0
458 6 0
426 306 0
68 65 0
272 126 0
26 123 0
427 300 0
308 161 0
169 344 0
172 172 0
165 217 0
128 68 0
214 160 0
72 2 0
396 235 0
325 300 0
490 367 0
237 240 0
141 284 0
309 365 0
139 34 0
254 56 0
280 29 0
103 351 0
339 362 0
150 134 0
3 167 0
22 320 0
195 312 0
239 376 0
306 163 0
59 267 0
42 188 0
268 339 0
40 247 0
315 90 0
263 112 0
154 86 0
121 281 0
226 20 0
350 139 0
151 373 0
473 209 0
453 304 0
164 28 0
300 279 0
417 219 0
353 315 0
253 163 0
324 3 0
439 21 0
399 378 0
348 146 0
160 13 0
441 109 0
320 369 0
201 117 0
452 106 0
43 129 0
381 346 0
264 100 0
163 246 0
72 139 0
187 180 0
106 272 0
214 162 0
206 315 0
315 14 0
296 288 0
424 83 0
99 203 0
74 61 0
155 11 0
70 310 0
275 117 0
289 4 0
170 125 0
323 354 0
255 338 0
158 286 0
282 274 0
259 235 0
436 274 0
61 233 0
438 283 0
455 109 0
27 208 0
318 221 0
453 85 0
424 206 0
171 9 0
318 196 0
382 207 0
268 248 0
344 247 0
171 209 0
209 262 0
55 194 0
460 274 0
401 141 0
423 97 0
338 263 0
129 39 0
230 210 0
411 9 0
140 125 0
76 261 0
99 366 0
439 72 0
190 273 0
207 271 0
416 27 0
391 378 0
245 244 0
193 223 0
401 70 0
293 192 0
288 100 0
418 332 0
352 103 0
228 350 0
92 95 0
195 174 0
129 156 0
358 218 0
205 260 0
434 6 0
11 276 0
153 117 0
102 0 0
393 0 0
331 47 0
318 214 0
75 96 0
312 243 0
94 197 0
476 79 0
350 7 0
399 341 0
161 111 0
399 370 0
306 115 0
213 109 0
360 197 0
372 149 0
45 158 0
174 202 0
455 312 0
464 142 0
452 166 0
22 247 0
300 23 0
475 89 0
62 25 0
154 29 0
312 332 0
227 251 0
267 58 0
99 120 0
478 222 0
484 271 0
86 261 0
384 380 0
164 180 0
464 322 0
66 254 0
121 198 0
257 215 0
133 7 0
378 105 0
301 258 0
313 181 0
396 226 0
22 224 0
266 255 0
21 257 0
390 291 0
10 89 0
116 110 0
462 181 0
390 215 0
33 269 0
56 113 0
474 343 0
112 157 0
442 211 0
136 120 0
432 62 0
391 131 0
48 365 0
33 104 0
2 310 0
378 281 0
286 111 0
430 236 0
95 137 0
428 137 0
234 370 0
493 313 0
120 154 0
126 287 0
381 137 0
120 176 0
374 101 0
152 19 0
40 210 0
434 371 0
396 347 0
167 99 0
78 109 0
47 122 0
109 285 0
138 110 0
440 73 0
486 260 0
435 339 0
163 344 0
99 24 0
224 48 0
380 222 0
386 13 0
9 221 0
282 169 0
372 260 0
468 320 0
161 34 0
212 322 0
447 3 0
155 89 0
323 60 0
43 325 0
393 323 0
338 25 0
441 246 0
3 62 0
46 84 0
268 302 0
245 351 0
220 356 0
479 147 0
147 223 0
80 23 0
404 152 0
363 311 0
302 379 0
396 327 0
19 81 0
88 119 0
51 218 0
264 29 0
251 191 0
335 10 0
114 46 0
260 292 0
287 235 0
110 43 0
47 285 0
111 210 0
161 334 0
234 111 0
185 22 0
152 265 0
74 195 0
241 31 0
381 52 0
303 241 0
319 164 0
410 94 0
80 313 0
226 191 0
363 209 0
473 27 0
84 306 0
354 258 0
168 310 0
212 213 0
408 342 0
48 244 0
81 32 0
56 361 0
330 62 0
281 333 0
144 380 0
183 323 0
487 15 0
3 19 0
207 312 0
280 277 0
151 352 0
493 294 0
267 155 0
113 255 0
396 378 0
478 373 0
300 110 0
44 223 0
136 86 0
214 191 0
13 104 0
203 227 0
367 86 0
80 118 0
408 376 0
461 331 0
392 305 0
91 284 0
426 254 0
141 174 0
455 106 0
238 183 0
393 122 0
383 312 0
453 33 0
160 162 0
484 358 0
355 83 0
57 65 0
209 193 0
52 132 0
301 357 0
472 329 0
444 7 0
69 224 0
33 366 0
357 339 0
292 162 0
443 17 0
40 276 0
219 41 0
415 252 0
321 6 0
294 161 0
479 371 0
385 228 0
428 307 0
385 243 0
56 379 0
259 370 0
451 92 0
62 11 0
417 22 0
284 235 0
115 322 0
147 320 0
43 279 0
319 29 0
391 109 0
147 240 0
383 183 0
229 83 0
431 331 0
244 160 0
314 174 0
467 144 0
446 313 0
188 184 0
289 319 0
187 113 0
397 300 0
343 74 0
78 312 0
344 239 0
292 285 0
363 274 0
449 236 0
308 191 0
195 154 0
133 58 0
413 187 0
494 119 0
101 85 0
225 313 0
214 22 0
8 68 0
404 215 0
354 317 0
43 1 0
108 247 0
145 93 0
364 52 0
76 206 0
192 355 0
482 91 0
475 361 0
230 341 0
277 143 0
479 238 0
480 211 0
448 379 0
278 368 0
375 340 0
43 301 0
488 374 0
348 70 0
351 367 0
466 84 0
343 135 0
356 231 0
194 278 0
278 111 0
340 160 0
455 272 0
280 247 0
33 48 0
196 8 0
337 264 0
13 173 0
364 327 0
244 286 0
467 302 0
304 341 0
303 246 0
485 277 0
184 257 0
6 268 0
143 156 0
363 348 0
310 249 0
124 16 0
57 1 0
457 190 0
435 222 0
54 105 0
316 159 0
183 313 0
14 301 0
68 371 0
419 97 0
0 180 0
189 44 0
337 148 0
203 6 0
493 338 0
201 281 0
118 370 0
292 45 0
165 297 0
80 97 0
35 187 0
177 319 0
465 4 0
24 235 0
102 377 0
136 192 0
409 83 0
460 275 0
166 345 0
314 66 0
482 48 0
165 365 0
383 355 0
425 348 0
447 303 0
159 12 0
376 171 0
108 338 0
227 86 0
276 67 0
7 57 0
167 284 0
246 371 0
262 138 0
37 355 0
399 237 0
308 192 0
481 220 0
135 169 0
182 271 0
48 141 0
119 267 0
192 112 0
118 45 0
433 323 0
460 19 0
99 21 0
385 326 0
192 259 0
226 126 0
290 49 0
224 334 0
129 59 0
100 178 0
486 43 0
210 178 0
261 245 0
31 94 0
277 8 0
318 16 0
282 29 0
120 215 0
134 354 0
108 328 0
6 120 0
447 144 0
67 53 0
103 161 0
285 233 0
276 161 0
392 147 0
247 329 0
53 187 0
323 274 0
220 45 0
199 151 0
33 1 0
61 133 0
248 369 0
49 213 0
347 121 0
385 184 0
4 79 0
439 127 0
389 274 0
9 278 0
435 295 0
51 252 0
365 254 0
398 161 0
423 219 0
229 292 0
85 362 0
97 129 0
61 236 0
424 277 0
406 99 0
440 298 0
153 53 0
149 0 0
215 301 0
190 173 0
127 21 0
144 40 0
117 155 0
139 220 0
392 43 0
250 218 0
191 265 0
56 77 0
402 233 0
69 185 0
332 93 0
85 30 0
36 222 0
311 329 0
5 369 0
373 184 0
263 218 0
333 159 0
276 34 0
53 49 0
259 25 0
207 368 0
427 326 0
37 359 0
254 61 0
374 246 0
285 313 0
386 177 0
21 43 0
47 109 0
143 120 0
63 24 0
491 358 0
377 309 0
451 343 0
440 134 0
482 313 0
423 310 0
177 376 0
117 140 0
32 58 0
177 82 0
237 70 0
136 19 0
453 292 0
477 212 0
177 76 0
253 373 0
208 279 0
211 4 0
108 105 0
60 160 0
482 67 0
421 343 0
64 32 0
60 299 0
290 119 0
209 21 0
120 41 0
80 276 0
356 143 0
492 21 0
250 109 0
257 199 0
56 145 0
185 340 0
139 198 0
41 14 0
166 199 0
29 80 0
456 281 0
425 160 0
347 136 0
61 170 0
28 25 0
409 329 0
380 345 0
415 202 0
307 282 0
86 144 0
107 43 0
39 33 0
61 144 0
267 301 0
123 232 0
122 149 0
430 88 0
260 5 0
35 274 0
109 46 0
99 158 0
360 167 0
150 189 0
202 28 0
174 353 0
443 280 0
127 116 0
377 327 0
245 181 0
258 147 0
214 278 0
335 137 0
197 171 0
343 115 0
187 124 0
33 29 0
265 133 0
34 284 0
108 365 0
246 234 0
165 15 0
417 374 0
378 52 0
420 332 0
411 115 0
344 305 0
269 209 0
58 20 0
254 231 0
252 11 0
326 126 0
341 73 0
365 232 0
383 16 0
482 88 0
470 143 0
181 313 0
420 111 0
393 325 0
313 149 0
21 151 0
453 127 0
214 129 0
359 198 0
279 160 0
213 228 0
397 196 0
42 74 0
49 326 0
215 11 0
326 1 0
177 229 0
89 149 0
326 259 0
7 196 0
225 278 0
321 193 0
164 72 0
239 58 0
163 112 0
381 0 0
412 213 0
46 64 0
40 61 0
329 60 0
247 85 0
457 31 0
412 198 0
206 220 0
344 93 0
184 180 0
87 120 0
298 27 0
219 305 0
444 59 0
43 4 0
232 344 0
195 137 0
437 98 0
24 318 0
288 40 0
40 248 0
166 316 0
354 236 0
295 101 0
113 352 0
426 271 0
400 47 0
219 206 0
282 127 0
136 110 0
280 348 0
67 204 0
438 332 0
380 86 0
492 191 0
232 326 0
126 35 0
396 266 0
187 343 0
297 98 0
310 271 0
264 161 0
56 243 0
225 356 0
81 263 0
428 159 0
97 155 0
232 107 0
375 238 0
115 87 0
371 169 0
137 380 0
462 2 0
237 136 0
476 80 0
474 372 0
400 127 0
411 376 0
173 335 0
138 382 0
435 376 0
421 182 0
173 106 0
57 286 0
111 333 0
482 115 0
323 307 0
94 257 0
282 341 0
479 98 0
376 257 0
193 35 0
305 286 0
448 355 0
381 255 0
165 326 0
416 97 0
123 57 0
198 183 0
346 340 0
26 40 0
164 93 0
9 329 0
273 298 0
163 93 0
380 59 0
8 191 0
63 262 0
478 108 0
46 374 0
239 200 0
359 68 0
236 102 0
195 335 0
466 211 0
134 83 0
298 283 0
86 94 0
21 374 0
128 137 0
85 83 0
219 216 0
431 132 0
371 166 0
227 200 0
325 276 0
148 117 0
14 251 0
223 344 0
421 119 0
372 77 0
272 300 0
448 214 0
472 315 0
338 78 0
200 142 0
457 116 0
243 195 0
481 244 0
104 323 0
234 354 0
39 88 0
488 212 0
59 303 0
174 186 0
467 140 0
100 91 0
265 104 0
25 314 0
456 252 0
104 227 0
478 107 0
393 74 0
224 205 0
456 174 0
488 8 0
302 281 0
466 237 0
364 378 0
61 77 0
459 42 0
32 214 0
243 40 0
454 87 0
177 58 0
167 90 0
84 58 0
2 145 0
176 2 0
451 381 0
427 187 0
251 13 0
31 198 0
21 143 0
56 226 0
65 87 0
139 259 0
303 195 0
286 224 0
209 235 0
443 252 0
125 286 0
337 184 0
402 125 0
295 260 0
68 19 0
6 256 0
356 171 0
422 335 0
180 181 0
301 145 0
3 22 0
428 151 0
117 177 0
437 129 0
128 191 0
251 340 0
166 182 0
354 100 0
218 178 0
469 253 0
291 304 0
357 119 0
494 30 0
153 145 0
388 292 0
482 92 0
460 93 0
15 152 0
364 335 0
322 332 0
451 298 0
47 278 0
110 316 0
318 374 0
477 34 0
304 168 0
188 191 0
371 255 0
60 254 0
302 152 0
131 171 0
64 270 0
326 130 0
49 202 0
61 362 0
121 224 0
401 320 0
70 124 0
17 83 0
185 273 0
110 218 0
77 349 0
259 356 0
48 277 0
115 14 0
360 328 0
292 251 0
93 368 0
481 74 0
204 110 0
429 348 0
459 288 0
279 118 0
371 322 0
484 13 0
70 87 0
206 124 0
338 323 0
448 219 0
355 102 0
487 257 0
346 327 0
271 288 0
479 125 0
264 338 0
49 56 0
262 112 0
210 215 0
172 281 0
204 135 0
395 362 0
101 176 0
350 12 0
198 148 0
398 132 0
134 84 0
254 352 0
274 166 0
174 50 0
26 214 0
414 232 0
76 27 0
348 228 0
174 46 0
64 162 0
278 133 0
178 22 0
249 48 0
256 244 0
330 324 0
413 50 0
230 353 0
79 20 0
295 323 0
359 335 0
444 375 0
308 340 0
476 306 0
92 131 0
300 367 0
143 237 0
311 350 0
363 309 0
200 310 0
136 329 0
440 74 0
389 117 0
392 27 0
326 90 0
328 248 0
425 372 0
138 219 0
153 255 0
17 352 0
483 86 0
352 304 0
151 302 0
149 98 0
369 167 0
372 42 0
66 332 0
305 283 0
107 158 0
195 100 0
435 313 0
393 176 0
291 312 0
403 238 0
431 362 0
33 211 0
65 354 0
214 217 0
119 245 0
344 253 0
340 75 0
276 15 0
466 268 0
45 377 0
324 241 0
181 163 0
62 361 0
348 209 0
190 187 0
348 350 0
25 28 0
484 248 0
51 133 0
355 12 0
170 319 0
422 25 0
70 105 0
431 198 0
353 322 0
342 217 0
9 188 0
195 34 0
322 219 0
307 295 0
336 201 0
35 97 0
238 267 0
278 230 0
396 43 0
356 44 0
385 138 0
215 90 0
325 91 0
223 227 0
330 186 0
418 346 0
494 290 0
412 274 0
355 22 0
67 208 0
265 304 0
173 177 0
194 356 0
351 188 0
107 104 0
131 30 0
408 260 0
88 315 0
278 61 0
168 174 0
82 303 0
464 295 0
363 259 0
196 260 0
134 164 0
142 285 0
48 339 0
87 134 0
332 74 0
107 323 0
469 306 0
271 196 0
211 260 0
281 230 0
117 65 0
275 34 0
405 270 0
182 133 0
236 248 0
91 18 0
315 376 0
320 110 0
475 293 0
73 143 0
211 61 0
244 8 0
450 149 0
293 113 0
135 360 0
437 122 0
175 23 0
478 208 0
359 345 0
451 86 0
154 53 0
476 84 0
86 319 0
442 299 0
465 34 0
195 123 0
407 226 0
311 367 0
191 58 0
419 201 0
63 250 0
285 342 0
444 218 0
468 345 0
53 21 0
239 110 0
384 203 0
112 170 0
438 290 0
422 311 0
460 376 0
193 57 0
220 307 0
329 112 0
236 281 0
81 182 0
309 78 0
408 286 0
185 64 0
148 337 0
112 148 0
494 274 0
349 154 0
255 9 0
31 223 0
455 57 0
83 322 0
236 33 0
139 195 0
24 206 0
184 85 0
321 152 0
177 326 0
328 288 0
43 265 0
168 63 0
313 45 0
311 223 0
141 352 0
263 169 0
461 65 0
94 149 0
441 120 0
314 117 0
398 92 0
282 131 0
246 193 0
129 115 0
480 138 0
86 297 0
416 100 0
322 213 0
423 48 0
56 380 0
367 57 0
379 23 0
317 341 0
411 325 0
8 287 0
289 318 0
333 240 0
37 288 0
452 33 0
453 301 0
224 78 0
239 246 0
267 73 0
71 157 0
248 212 0
220 229 0
312 226 0
408 370 0
181 179 0
333 262 0
389 376 0
489 122 0
243 71 0
143 290 0
355 361 0
243 178 0
90 350 0
484 198 0
208 179 0
210 86 0
83 40 0
207 240 0
163 333 0
412 275 0
392 285 0
493 262 0
163 85 0
255 113 0
109 229 0
279 235 0
308 364 0
229 12 0
431 138 0
401 17 0
228 382 0
490 362 0
276 138 0
212 338 0
360 98 0
485 117 0
53 267 0
456 93 0
359 360 0
472 268 0
87 348 0
150 128 0
344 297 0
388 360 0
27 15 0
158 230 0
301 220 0
86 198 0
464 346 0
267 26 0
103 326 0
435 171 0
110 287 0
446 342 0
35 376 0
69 56 0
365 284 0
433 104 0
282 342 0
36 135 0
120 286 0
208 286 0
474 251 0
449 31 0
31 8 0
84 2 0
300 183 0
185 258 0
203 195 0
24 354 0
486 161 0
341 87 0
48 68 0
150 163 0
29 265 0
7 78 0
192 153 0
294 365 0
106 354 0
312 265 0
170 234 0
295 278 0
117 105 0
320 84 0
194 347 0
124 35 0
258 29 0
446 275 0
456 312 0
79 51 0
240 238 0
379 316 0
178 124 0
83 98 0
155 251 0
405 217 0
215 337 0
277 191 0
363 285 0
412 335 0
100 331 0
271 173 0
478 41 0
232 51 0
476 380 0
467 184 0
360 58 0
306 21 0
136 348 0
332 173 0
118 52 0
298 5 0
494 56 0
243 380 0
129 121 0
437 296 0
143 144 0
453 154 0
266 226 0
211 178 0
303 234 0
478 282 0
439 12 0
178 7 0
359 207 0
385 378 0
209 175 0
67 175 0
37 333 0
168 234 0
362 349 0
110 87 0
137 338 0
308 195 0
347 271 0
387 252 0
436 380 0
29 7 0
430 180 0
153 312 0
155 380 0
391 186 0
176 229 0
486 302 0
368 125 0
279 53 0
238 157 0
442 259 0
119 101 0
395 124 0
36 281 0
469 289 0
14 214 0
295 348 0
211 165 0
410 236 0
81 227 0
325 315 0
274 162 0
439 361 0
273 28 0
462 120 0
236 29 0
298 328 0
108 153 0
94 86 0
366 332 0
481 261 0
39 12 0
31 324 0
331 197 0
120 170 0
269 53 0
454 42 0
235 330 0
104 30 0
77 180 0
2 201 0
332 57 0
26 175 0
257 190 0
53 133 0
182 125 0
332 187 0
318 168 0
313 47 0
98 48 0
210 368 0
46 126 0
32 161 0
454 292 0
278 222 0
394 43 0
261 18 0
116 258 0
2 22 0
268 240 0
75 6 0
276 180 0
102 204 0
25 270 0
157 242 0
175 296 0
235 382 0
98 254 0
374 191 0
410 312 0
11 54 0
32 154 0
485 136 0
389 2 0
494 219 0
7 172 0
208 153 0
144 323 0
158 139 0
236 37 0
434 272 0
290 150 0
266 194 0
64 234 0
388 212 0
382 178 0
69 334 0
299 178 0
337 187 0
227 131 0
424 89 0
257 107 0
26 133 0
261 133 0
487 121 0
240 90 0
476 151 0
304 67 0
404 122 0
475 342 0
115 211 0
28 195 0
468 113 0
487 298 0
487 26 0
74 139 0
357 124 0
56 23 0
363 195 0
432 275 0
468 152 0
147 124 0
28 18 0
156 228 0
466 74 0
403 197 0
22 314 0
166 132 0
466 281 0
164 196 0
284 123 0
244 288 0
160 77 0
121 135 0
202 40 0
30 216 0
217 57 0
479 361 0
362 103 0
317 301 0
153 289 0
7 143 0
372 182 0
66 180 0
287 92 0
430 287 0
326 182 0
53 213 0
153 327 0
158 250 0
53 63 0
450 343 0
140 162 0
388 32 0
448 213 0
375 125 0
124 0 0
381 335 0
253 310 0
222 203 0
1 192 0
253 28 0
1 41 0
452 355 0
289 136 0
290 179 0
125 294 0
150 159 0
151 18 0
441 303 0
102 226 0
30 334 0
351 374 0
151 82 0
273 168 0
193 207 0
263 227 0
168 337 0
397 199 0
356 376 0
294 36 0
416 289 0
229 146 0
347 355 0
66 353 0
91 82 0
132 27 0
67 246 0
404 120 0
384 282 0
277 288 0
142 301 0
225 317 0
89 203 0
351 78 0
465 309 0
438 277 0
338 94 0
193 121 0
359 6 0
375 259 0
31 109 0
366 97 0
472 137 0
250 150 0
88 76 0
432 378 0
361 176 0
90 347 0
415 226 0
184 226 0
68 193 0
284 238 0
394 295 0
187 74 0
324 93 0
272 350 0
193 19 0
363 62 0
166 152 0
241 136 0
187 101 0
125 97 0
230 367 0
363 139 0
291 60 0
411 267 0
440 96 0
460 262 0
351 209 0
177 2 0
491 283 0
309 324 0
133 175 0
94 366 0
276 334 0
47 183 0
92 75 0
134 211 0
2 232 0
151 280 0
130 43 0
84 95 0
157 215 0
87 197 0
445 25 0
466 368 0
281 293 0
7 135 0
479 241 0
492 19 0
469 275 0
437 178 0
389 68 0
138 133 0
405 87 0
280 58 0
372 80 0
375 245 0
431 200 0
86 276 0
417 44 0
343 80 0
45 299 0
289 297 0
149 21 0
29 230 0
266 380 0
237 202 0
1 128 0
63 258 0
111 52 0
438 155 0
35 192 0
40 73 0
268 310 0
57 42 0
55 263 0
376 263 0
26 22 0
221 219 0
410 119 0
297 267 0
377 76 0
390 97 0
52 58 0
363 172 0
180 4 0
446 230 0
172 228 0
181 11 0
8 185 0
90 85 0
138 41 0
255 299 0
148 24 0
379 97 0
393 311 0
312 82 0
131 85 0
178 96 0
242 161 0
177 382 0
206 370 0
53 140 0
136 20 0
402 63 0
75 350 0
437 65 0
401 143 0
157 36 0
178 303 0
354 228 0
317 15 0
258 84 0
297 284 0
15 340 0
54 250 0
255 169 0
157 222 0
99 134 0
412 239 0
397 19 0
64 329 0
334 338 0
360 63 0
463 173 0
366 93 0
491 324 0
117 137 0
7 68 0
469 100 0
355 144 0
169 106 0
123 179 0
145 55 0
433 220 0
245 239 0
430 235 0
99 69 0
146 245 0
155 15 0
218 115 0
361 74 0
67 129 0
254 340 0
200 130 0
309 277 0
306 173 0
278 219 0
197 27 0
216 45 0
237 45 0
234 76 0
236 257 0
160 380 0
199 296 0
398 101 0
402 89 0
192 110 0
395 345 0
300 296 0
64 175 0
465 13 0
278 103 0
242 175 0
114 120 0
99 117 0
238 150 0
220 32 0
456 34 0
199 259 0
124 207 0
131 35 0
86 154 0
273 374 0
73 204 0
161 335 0
312 2 0
471 49 0
135 65 0
316 142 0
108 183 0
270 315 0
482 34 0
227 185 0
407 14 0
229 205 0
181 217 0
420 281 0
55 131 0
174 134 0
134 235 0
160 182 0
145 210 0
463 233 0
86 89 0
113 183 0
304 16 0
150 204 0
487 246 0
350 317 0
132 272 0
45 231 0
78 282 0
423 60 0
321 350 0
226 353 0
429 371 0
404 324 0
406 0 0
192 119 0
157 224 0
283 305 0
239 26 0
273 381 0
246 214 0
370 266 0
454 55 0
205 115 0
312 370 0
187 30 0
168 1 0
170 312 0
83 362 0
179 103 0
318 219 0
63 277 0
347 9 0
429 39 0
159 136 0
99 174 0
187 72 0
387 231 0
156 269 0
176 354 0
391 134 0
318 76 0
96 213 0
350 78 0
480 153 0
209 35 0
258 40 0
347 234 0
389 137 0
200 108 0
357 34 0
57 27 0
368 131 0
171 162 0
74 167 0
323 177 0
269 113 0
251 35 0
236 78 0
197 295 0
412 347 0
40 375 0
467 10 0
438 239 0
204 294 0
223 204 0
272 86 0
131 157 0
415 213 0
69 311 0
154 260 0
58 209 0
249 352 0
447 23 0
351 377 0
36 223 0
385 181 0
75 206 0
367 135 0
381 248 0
176 247 0
438 83 0
384 50 0
399 41 0
186 300 0
389 276 0
37 306 0
208 127 0
247 358 0
151 103 0
448 361 0
472 152 0
347 135 0
77 156 0
292 57 0
349 208 0
301 28 0
239 16 0
151 361 0
273 197 0
435 59 0
298 291 0
344 310 0
300 247 0
244 104 0
5 198 0
24 150 0
422 52 0
470 359 0
414 54 0
390 271 0
436 62 0
361 28 0
313 252 0
132 240 0
172 192 0
179 334 0
418 320 0
25 211 0
302 168 0
407 2 0
136 175 0
474 2 0
273 151 0
81 23 0
144 225 0
232 189 0
116 14 0
113 55 0
416 160 0
335 21 0
379 206 0
123 55 0
227 154 0
171 88 0
221 95 0
475 244 0
33 89 0
25 318 0
344 234 0
250 54 0
1 176 0
416 342 0
157 69 0
391 338 0
403 345 0
265 332 0
19 82 0
217 159 0
468 89 0
56 65 0
93 261 0
206 265 0
230 346 0
125 1 0
286 85 0
244 240 0
376 161 0
192 344 0
237 0 0
23 201 0
476 340 0
155 305 0
369 147 0
150 81 0
487 176 0
133 221 0
327 300 0
216 306 0
420 141 0
141 237 0
37 127 0
464 1 0
88 186 0
251 64 0
270 238 0
278 126 0
180 167 0
331 308 0
87 98 0
130 212 0
478 343 0
241 116 0
371 229 0
125 117 0
183 235 0
493 35 0
86 256 0
477 13 0
452 261 0
65 153 0
351 84 0
60 76 0
281 61 0
350 6 0
476 334 0
29 99 0
212 243 0
488 16 0
99 342 0
212 38 0
240 231 0
166 89 0
395 153 0
121 377 0
100 141 0
466 247 0
383 17 0
232 135 0
316 205 0
411 28 0
344 75 0
357 210 0
354 99 0
445 133 0
442 16 0
300 316 0
273 12 0
230 87 0
193 242 0
19 284 0
205 116 0
51 352 0
491 304 0
470 248 0
371 131 0
322 98 0
255 48 0
404 234 0
309 178 0
320 356 0
102 39 0
134 194 0
493 227 0
150 71 0
162 230 0
382 354 0
266 16 0
268 59 0
12 119 0
282 119 0
284 152 0
371 330 0
84 74 0
471 75 0
287 219 0
68 376 0
458 173 0
201 360 0
243 266 0
146 219 0
270 147 0
217 251 0
396 351 0
285 308 0
445 127 0
92 167 0
57 337 0
241 69 0
25 223 0
92 54 0
407 97 0
359 142 0
295 337 0
419 362 0
235 61 0
315 49 0
193 214 0
271 79 0
200 306 0
424 28 0
66 159 0
140 277 0
8 124 0
25 144 0
382 161 0
443 212 0
372 327 0
147 159 0
360 333 0
181 196 0
29 124 0
362 23 0
193 335 0
64 186 0
313 57 0
441 14 0
102 335 0
351 340 0
351 28 0
218 175 0
293 259 0
360 76 0
123 375 0
345 149 0
29 358 0
403 325 0
10 43 0
254 188 0
259 217 0
490 322 0
417 161 0
395 258 0
211 38 0
118 28 0
150 379 0
133 258 0
348 120 0
467 125 0
269 363 0
126 124 0
233 264 0
152 106 0
180 52 0
371 23 0
313 103 0
454 228 0
241 312 0
259 199 0
369 109 0
76 133 0
376 327 0
23 197 0
131 34 0
238 69 0
465 76 0
56 109 0
142 277 0
412 128 0
63 18 0
476 303 0
349 370 0
98 128 0
204 281 0
141 165 0
239 153 0
356 84 0
383 108 0
63 102 0
89 76 0
73 326 0
56 321 0
453 300 0
280 210 0
383 83 0
282 165 0
137 120 0
20 190 0
169 12 0
225 355 0
207 192 0
356 350 0
107 4 0
57 49 0
106 263 0
144 25 0
195 247 0
224 257 0
39 49 0
421 219 0
268 145 0
77 192 0
226 218 0
408 364 0
145 40 0
148 11 0
237 274 0
113 116 0
19 200 0
42 254 0
204 100 0
284 263 0
191 12 0
348 205 0
64 100 0
185 172 0
1 108 0
431 377 0
308 113 0
186 127 0
336 368 0
251 114 0
67 312 0
202 221 0
425 109 0
386 62 0
368 241 0
178 377 0
61 118 0
254 311 0
391 13 0
161 72 0
390 262 0
74 77 0
349 150 0
318 298 0
311 188 0
418 98 0
200 230 0
378 20 0
244 373 0
143 317 0
353 336 0
65 45 0
389 229 0
334 171 0
462 10 0
117 278 0
264 249 0
463 103 0
219 238 0
411 273 0
85 52 0
72 312 0
414 374 0
86 42 0
424 369 0
329 311 0
390 116 0
205 314 0
442 329 0
269 210 0
388 119 0
171 130 0
330 57 0
38 220 0
203 91 0
425 96 0
182 284 0
56 182 0
395 196 0
193 244 0
487 98 0
467 201 0
177 94 0
223 212 0
54 0 0
108 33 0
27 347 0
5 138 0
194 117 0
479 81 0
178 34 0
210 32 0
452 20 0
195 162 0
333 320 0
469 307 0
191 248 0
254 307 0
32 44 0
85 75 0
419 203 0
129 155 0
290 227 0
215 60 0
235 58 0
327 359 0
279 75 0
274 211 0
315 232 0
83 227 0
52 47 0
209 201 0
246 250 0
205 292 0
416 122 0
317 175 0
332 274 0
434 365 0
335 233 0
447 0 0
447 231 0
401 283 0
174 238 0
183 52 0
345 126 0
260 294 0
273 347 0
85 301 0
234 195 0
456 289 0
235 240 0
413 45 0
24 249 0
349 111 0
189 374 0
0 336 0
479 87 0
245 107 0
272 98 0
325 85 0
15 187 0
167 380 0
347 180 0
350 48 0
293 57 0
328 269 0
256 63 0
487 145 0
130 294 0
100 6 0
352 343 0
68 176 0
389 331 0
343 138 0
243 261 0
56 171 0
103 63 0
249 40 0
333 83 0
174 278 0
31 149 0
122 172 0
150 318 0
3 250 0
479 195 0
396 288 0
399 326 0
120 26 0
39 233 0
144 80 0
484 279 0
101 373 0
40 81 0
458 81 0
394 266 0
203 159 0
343 63 0
376 336 0
118 79 0
11 148 0
3 49 0
152 264 0
391 44 0
304 32 0
133 64 0
359 329 0
357 53 0
14 18 0
127 358 0
314 196 0
223 154 0
208 54 0
138 360 0
381 333 0
327 281 0
408 338 0
77 285 0
455 256 0
260 301 0
435 133 0
228 203 0
2 192 0
36 297 0
192 4 0
313 312 0
29 89 0
351 312 0
311 290 0
191 199 0
194 284 0
292 55 0
344 335 0
145 196 0
284 245 0
482 60 0
475 363 0
374 36 0
50 23 0
296 309 0
363 162 0
290 244 0
128 360 0
178 117 0
6 112 0
296 70 0
281 327 0
251 85 0
479 258 0
48 302 0
446 106 0
412 339 0
232 163 0
396 111 0
162 343 0
112 15 0
55 246 0
486 222 0
94 159 0
20 269 0
68 224 0
189 315 0
472 363 0
381 133 0
479 96 0
52 230 0
372 245 0
382 162 0
425 262 0
32 241 0
205 143 0
292 289 0
327 137 0
16 165 0
127 58 0
196 94 0
403 263 0
309 363 0
112 63 0
16 257 0
306 147 0
58 24 0
480 370 0
336 322 0
440 126 0
400 94 0
165 339 0
6 100 0
365 127 0
43 294 0
478 127 0
258 367 0
152 314 0
344 50 0
443 345 0
424 262 0
139 64 0
443 171 0
197 114 0
111 182 0
246 357 0
405 179 0
435 83 0
152 183 0
74 42 0
489 126 0
225 299 0
193 236 0
182 298 0
44 309 0
284 3 0
421 299 0
90 366 0
410 53 0
351 5 0
54 161 0
181 326 0
302 68 0
75 339 0
262 49 0
327 273 0
311 18 0
356 148 0
385 230 0
87 339 0
301 273 0
142 249 0
334 38 0
150 229 0
104 266 0
118 205 0
293 17 0
104 39 0
58 103 0
441 212 0
174 14 0
144 363 0
452 348 0
443 205 0
484 366 0
289 115 0
283 268 0
432 14 0
470 116 0
24 119 0
314 234 0
280 144 0
490 246 0
311 314 0
221 16 0
407 342 0
264 22 0
374 82 0
215 117 0
310 155 0
266 369 0
288 8 0
434 241 0
467 108 0
281 55 0
116 351 0
488 57 0
428 103 0
42 321 0
145 250 0
466 65 0
443 113 0
307 63 0
274 298 0
216 185 0
54 85 0
441 114 0
280 92 0
353 232 0
442 218 0
54 92 0
86 190 0
159 148 0
228 131 0
173 342 0
359 215 0
53 172 0
458 3 0
282 151 0
55 118 0
92 226 0
16 101 0
195 42 0
221 162 0
126 235 0
104 309 0
216 315 0
325 222 0
89 113 0
151 315 0
20 65 0
225 9 0
340 244 0
250 363 0
449 219 0
6 102 0
32 263 0
270 245 0
144 246 0
274 266 0
226 253 0
336 324 0
485 37 0
102 299 0
45 106 0
167 294 0
139 170 0
464 133 0
187 366 0
204 39 0
373 147 0
320 268 0
155 2 0
486 152 0
61 82 0
171 344 0
167 290 0
91 301 0
494 62 0
277 283 0
18 151 0
62 68 0
126 201 0
436 41 0
430 85 0
185 142 0
315 123 0
489 178 0
424 274 0
493 327 0
83 79 0
406 206 0
337 164 0
92 242 0
48 30 0
272 30 0
439 263 0
54 150 0
116 71 0
490 268 0
268 5 0
405 356 0
74 202 0
224 179 0
440 251 0
454 381 0
431 117 0
239 236 0
200 169 0
307 0 0
214 295 0
305 252 0
426 157 0
479 188 0
448 248 0
44 39 0
146 254 0
427 105 0
422 160 0
453 337 0
312 350 0
154 313 0
111 113 0
108 188 0
87 216 0
203 174 0
333 333 0
493 345 0
453 310 0
458 87 0
294 309 0
384 86 0
223 241 0
474 163 0
246 190 0
133 291 0
355 227 0
442 240 0
93 82 0
339 102 0
367 131 0
203 220 0
149 178 0
192 19 0
106 241 0
288 234 0
278 130 0
377 216 0
352 195 0
491 332 0
487 173 0
477 131 0
424 144 0
493 315 0
29 87 0
116 83 0
101 124 0
491 341 0
352 111 0
293 27 0
292 5 0
482 87 0
204 36 0
271 185 0
181 307 0
58 293 0
24 186 0
309 81 0
363 23 0
456 186 0
36 269 0
22 149 0
330 61 0
427 121 0
269 89 0
36 108 0
54 36 0
227 151 0
465 216 0
96 24 0
82 152 0
73 208 0
334 80 0
144 73 0
186 264 0
467 293 0
27 371 0
264 73 0
145 262 0
242 136 0
480 112 0
160 199 0
351 18 0
315 150 0
374 50 0
264 297 0
97 186 0
30 159 0
315 66 0
176 188 0
185 296 0
403 304 0
61 172 0
181 102 0
378 301 0
162 362 0
270 350 0
440 374 0
88 15 0
131 161 0
237 12 0
491 126 0
467 58 0
272 238 0
15 103 0
217 307 0
176 380 0
104 91 0
82 162 0
246 262 0
309 62 0
208 134 0
311 360 0
112 83 0
481 123 0
352 361 0
336 328 0
490 285 0
5 274 0
445 312 0
111 33 0
79 139 0
223 297 0
51 176 0
483 297 0
114 131 0
308 372 0
431 302 0
390 349 0
396 123 0
264 7 0
67 242 0
294 87 0
325 354 0
132 191 0
400 340 0
229 302 0
320 61 0
19 139 0
454 200 0
415 14 0
440 103 0
434 278 0
280 216 0
176 88 0
428 234 0
324 92 0
322 69 0
473 64 0
216 339 0
482 36 0
134 98 0
398 115 0
254 143 0
414 199 0
281 190 0
251 366 0
93 344 0
31 98 0
81 34 0
122 232 0
373 173 0
285 133 0
107 115 0
480 3 0
245 102 0
33 253 0
300 39 0
380 122 0
337 110 0
409 278 0
5 20 0
357 303 0
418 130 0
450 154 0
193 255 0
32 94 0
167 340 0
0 160 0
51 32 0
339 314 0
293 105 0
43 23 0
42 250 0
377 154 0
304 58 0
25 20 0
451 268 0
114 350 0
161 260 0
115 111 0
65 203 0
148 351 0
222 66 0
1 30 0
493 359 0
461 368 0
247 273 0
459 257 0
432 186 0
50 101 0
271 298 0
213 185 0
175 158 0
304 132 0
116 305 0
249 227 0
414 354 0
329 362 0
218 232 0
133 250 0
311 126 0
398 360 0
93 219 0
430 376 0
59 133 0
162 169 0
103 288 0
462 78 0
27 240 0
295 89 0
94 107 0
99 373 0
393 275 0
468 131 0
98 91 0
33 170 0
190 130 0
445 92 0
309 243 0
176 203 0
419 40 0
104 96 0
451 320 0
256 368 0
12 108 0
3 287 0
137 16 0
6 157 0
361 309 0
62 195 0
292 84 0
432 83 0
303 247 0
85 285 0
279 174 0
408 319 0
82 362 0
187 48 0
369 105 0
150 99 0
472 311 0
310 78 0
303 194 0
148 275 0
271 4 0
322 96 0
164 345 0
457 129 0
470 71 0
239 113 0
317 244 0
248 340 0
183 244 0
398 119 0
23 349 0
305 333 0
3 206 0
485 307 0
391 111 0
357 255 0
338 123 0
383 341 0
50 353 0
432 248 0
402 206 0
90 158 0
486 236 0
421 229 0
234 374 0
192 233 0
32 301 0
388 371 0
409 306 0
232 319 0
209 294 0
194 37 0
163 107 0
12 366 0
155 252 0
176 76 0
148 151 0
188 74 0
190 120 0
473 119 0
242 208 0
456 250 0
103 239 0
354 12 0
373 102 0
301 119 0
196 235 0
144 315 0
443 249 0
352 253 0
44 122 0
475 176 0
294 146 0
243 235 0
115 269 0
385 204 0
333 341 0
426 313 0
81 260 0
332 234 0
368 16 0
228 201 0
65 163 0
445 253 0
76 29 0
361 73 0
63 137 0
314 102 0
74 45 0
173 191 0
160 71 0
307 380 0
295 151 0
177 362 0
301 18 0
493 66 0
370 354 0
324 338 0
426 298 0
287 62 0
215 53 0
332 320 0
95 277 0
7 333 0
288 160 0
2 346 0
122 103 0
223 139 0
25 329 0
41 85 0
24 338 0
296 51 0
213 131 0
458 210 0
178 375 0
341 8 0
487 368 0
1 213 0
16 3 0
259 48 0
157 115 0
475 339 0
133 362 0
87 32 0
181 380 0
162 228 0
281 167 0
11 329 0
83 280 0
77 144 0
0 49 0
416 159 0
330 286 0
390 46 0
63 42 0
423 1 0
367 122 0
401 44 0
362 270 0
6 325 0
450 376 0
373 365 0
264 271 0
159 347 0
274 221 0
299 353 0
278 283 0
30 256 0
72 71 0
351 309 0
424 37 0
355 17 0
315 295 0
321 363 0
22 380 0
143 309 0
97 39 0
267 78 0
405 154 0
442 109 0
196 380 0
59 218 0
433 325 0
15 355 0
417 315 0
369 363 0
316 234 0
364 293 0
224 313 0
286 146 0
414 182 0
458 232 0
118 121 0
249 382 0
376 229 0
419 84 0
426 326 0
45 42 0
255 230 0
21 301 0
486 377 0
101 378 0
321 84 0
146 252 0
79 301 0
487 307 0
57 124 0
416 96 0
282 193 0
269 344 0
450 140 0
265 21 0
242 302 0
127 158 0
179 147 0
403 191 0
409 160 0
473 234 0
172 230 0
199 36 0
230 81 0
392 0 0
93 78 0
143 96 0
315 312 0
350 342 0
282 325 0
297 360 0
487 103 0
216 8 0
132 263 0
116 77 0
168 365 0
138 215 0
319 352 0
185 87 0
212 222 0
159 115 0
74 283 0
381 113 0
125 369 0
413 144 0
258 54 0
341 41 0
224 135 0
399 360 0
184 155 0
219 203 0
301 37 0
45 91 0
386 352 0
259 288 0
108 142 0
442 276 0
205 324 0
442 30 0
136 369 0
405 102 0
281 179 0
278 165 0
40 345 0
269 232 0
246 217 0
423 146 0
382 271 0
36 143 0
269 249 0
408 27 0
204 154 0
256 36 0
360 219 0
246 258 0
287 334 0
7 22 0
124 145 0
360 342 0
421 96 0
413 284 0
68 263 0
234 51 0
207 46 0
245 100 0
292 214 0
321 171 0
243 155 0
455 200 0
115 147 0
41 190 0
487 362 0
38 245 0
248 57 0
246 267 0
485 115 0
433 264 0
195 368 0
26 365 0
166 224 0
427 368 0
112 26 0
263 127 0
115 20 0
328 117 0
170 44 0
391 247 0
339 79 0
396 270 0
433 300 0
492 235 0
318 3 0
226 148 0
6 13 0
216 168 0
414 29 0
325 78 0
119 35 0
